Elt 1
 0.0000000000e+00 0.0000000000e+00 0.0000000000e+00 
 0.0000000000e+00 0.0000000000e+00 0.0000000000e+00 
 0.0000000000e+00 0.0000000000e+00 0.0000000000e+00
 
Elt 2
 0.0000000000e+00 0.0000000000e+00 0.0000000000e+00 
 0.0000000000e+00 0.0000000000e+00 0.0000000000e+00 
 0.0000000000e+00 0.0000000000e+00 0.0000000000e+00
 
Elt 3
 0.0000000000e+00 0.0000000000e+00 0.0000000000e+00 
 0.0000000000e+00 0.0000000000e+00 0.0000000000e+00 
 0.0000000000e+00 0.0000000000e+00 -1.1102230246e-16
 
Elt 4
 -5.3810474506e-17 9.5663065789e-18 5.4654198266e-17 
 9.5663065789e-18 -1.7006767251e-18 -9.7163019140e-18 
 5.4654198266e-17 -9.7163019140e-18 -5.5511151231e-17
 
Elt 1
 0.0000000000e+00 0.0000000000e+00 0.0000000000e+00 
 0.0000000000e+00 0.0000000000e+00 0.0000000000e+00 
 0.0000000000e+00 0.0000000000e+00 0.0000000000e+00
 
Elt 2
 0.0000000000e+00 0.0000000000e+00 0.0000000000e+00 
 0.0000000000e+00 0.0000000000e+00 0.0000000000e+00 
 0.0000000000e+00 0.0000000000e+00 0.0000000000e+00
 
Elt 3
 -8.3578382680e-18 -2.9292541501e-17 -1.7956119051e-16 
 -2.9292541501e-17 -1.0266446419e-16 8.0161245762e-19 
 -1.7956119051e-16 8.0161245762e-19 -6.9314718056e-01
 
Elt 4
 -2.4074066833e-16 4.1546807574e-17 0.0000000000e+00 
 4.1546807574e-17 -3.1437084398e-16 0.0000000000e+00 
 0.0000000000e+00 0.0000000000e+00 -6.9314718056e-01
 
Elt 1
 0.0000000000e+00 0.0000000000e+00 0.0000000000e+00 
 0.0000000000e+00 2.1784127768e-04 0.0000000000e+00 
 0.0000000000e+00 0.0000000000e+00 0.0000000000e+00
 
Elt 2
 0.0000000000e+00 0.0000000000e+00 0.0000000000e+00 
 0.0000000000e+00 0.0000000000e+00 0.0000000000e+00 
 0.0000000000e+00 0.0000000000e+00 0.0000000000e+00
 
Elt 3
 -1.1102230246e-16 -1.7713849857e-17 -1.7956119051e-16 
 -1.7713849857e-17 1.0892657069e-04 8.0159289990e-19 
 -1.7956119051e-16 8.0159289990e-19 -6.9314718056e-01
 
Elt 4
 -3.3306690739e-16 8.4710779957e-17 -1.4429024237e-17 
 8.4710779957e-17 1.0892657069e-04 -9.6177178387e-17 
 -1.4429024237e-17 -9.6177178387e-17 -6.9314718056e-01
 
Elt 1
 0.0000000000e+00 0.0000000000e+00 0.0000000000e+00 
 0.0000000000e+00 0.0000000000e+00 0.0000000000e+00 
 0.0000000000e+00 0.0000000000e+00 0.0000000000e+00
 
Elt 2
 0.0000000000e+00 0.0000000000e+00 0.0000000000e+00 
 0.0000000000e+00 0.0000000000e+00 0.0000000000e+00 
 0.0000000000e+00 0.0000000000e+00 0.0000000000e+00
 
Elt 3
 0.0000000000e+00 0.0000000000e+00 0.0000000000e+00 
 0.0000000000e+00 0.0000000000e+00 0.0000000000e+00 
 0.0000000000e+00 0.0000000000e+00 -1.1102230246e-16
 
Elt 4
 -5.3810474506e-17 9.5663065789e-18 5.4654198266e-17 
 9.5663065789e-18 -1.7006767251e-18 -9.7163019140e-18 
 5.4654198266e-17 -9.7163019140e-18 -5.5511151231e-17
 
Elt 1
 0.0000000000e+00 0.0000000000e+00 0.0000000000e+00 
 0.0000000000e+00 0.0000000000e+00 0.0000000000e+00 
 0.0000000000e+00 0.0000000000e+00 0.0000000000e+00
 
Elt 2
 0.0000000000e+00 0.0000000000e+00 0.0000000000e+00 
 0.0000000000e+00 0.0000000000e+00 0.0000000000e+00 
 0.0000000000e+00 0.0000000000e+00 0.0000000000e+00
 
Elt 3
 -8.3578382680e-18 -2.9292541501e-17 -1.7956119051e-16 
 -2.9292541501e-17 -1.0266446419e-16 8.0161245762e-19 
 -1.7956119051e-16 8.0161245762e-19 -6.9314718056e-01
 
Elt 4
 -2.4074066833e-16 4.1546807574e-17 0.0000000000e+00 
 4.1546807574e-17 -3.1437084398e-16 0.0000000000e+00 
 0.0000000000e+00 0.0000000000e+00 -6.9314718056e-01
 
Elt 1
 -1.1102230246e-16 1.1015280017e-16 0.0000000000e+00 
 1.1015280017e-16 2.1786263359e-05 0.0000000000e+00 
 0.0000000000e+00 0.0000000000e+00 0.0000000000e+00
 
Elt 2
 0.0000000000e+00 0.0000000000e+00 0.0000000000e+00 
 0.0000000000e+00 0.0000000000e+00 0.0000000000e+00 
 0.0000000000e+00 0.0000000000e+00 0.0000000000e+00
 
Elt 3
 -1.1102230246e-16 -1.2120430509e-16 -1.7956119051e-16 
 -1.2120430509e-16 1.0893191010e-05 -7.6152159400e-17 
 -1.7956119051e-16 -7.6152159400e-17 -6.9314718056e-01
 
Elt 4
 -3.3306690739e-16 6.6662297787e-17 0.0000000000e+00 
 6.6662297787e-17 1.0893191010e-05 0.0000000000e+00 
 0.0000000000e+00 0.0000000000e+00 -6.9314718056e-01
 
Elt 1
 0.0000000000e+00 0.0000000000e+00 0.0000000000e+00 
 0.0000000000e+00 0.0000000000e+00 0.0000000000e+00 
 0.0000000000e+00 0.0000000000e+00 0.0000000000e+00
 
Elt 2
 0.0000000000e+00 0.0000000000e+00 0.0000000000e+00 
 0.0000000000e+00 0.0000000000e+00 0.0000000000e+00 
 0.0000000000e+00 0.0000000000e+00 0.0000000000e+00
 
Elt 3
 0.0000000000e+00 0.0000000000e+00 0.0000000000e+00 
 0.0000000000e+00 0.0000000000e+00 0.0000000000e+00 
 0.0000000000e+00 0.0000000000e+00 -1.1102230246e-16
 
Elt 4
 -5.3810474506e-17 9.5663065789e-18 5.4654198266e-17 
 9.5663065789e-18 -1.7006767251e-18 -9.7163019140e-18 
 5.4654198266e-17 -9.7163019140e-18 -5.5511151231e-17
 
Elt 1
 0.0000000000e+00 0.0000000000e+00 0.0000000000e+00 
 0.0000000000e+00 0.0000000000e+00 0.0000000000e+00 
 0.0000000000e+00 0.0000000000e+00 0.0000000000e+00
 
Elt 2
 0.0000000000e+00 0.0000000000e+00 0.0000000000e+00 
 0.0000000000e+00 0.0000000000e+00 0.0000000000e+00 
 0.0000000000e+00 0.0000000000e+00 0.0000000000e+00
 
Elt 3
 -4.8756565021e-18 -2.2749386465e-17 0.0000000000e+00 
 -2.2749386465e-17 -1.0614664596e-16 0.0000000000e+00 
 0.0000000000e+00 0.0000000000e+00 -2.2204460493e-16
 
Elt 4
 -2.1145310101e-16 6.9130412169e-17 1.4469486030e-16 
 6.9130412169e-17 -2.2600821950e-17 -4.7305124795e-17 
 1.4469486030e-16 -4.7305124795e-17 -9.9012984430e-17
 
Elt 1
 0.0000000000e+00 0.0000000000e+00 0.0000000000e+00 
 0.0000000000e+00 2.1784127768e-04 0.0000000000e+00 
 0.0000000000e+00 0.0000000000e+00 0.0000000000e+00
 
Elt 2
 0.0000000000e+00 0.0000000000e+00 0.0000000000e+00 
 0.0000000000e+00 0.0000000000e+00 0.0000000000e+00 
 0.0000000000e+00 0.0000000000e+00 0.0000000000e+00
 
Elt 3
 -1.1102230246e-16 -2.4043254606e-16 0.0000000000e+00 
 -2.4043254606e-16 1.0892657069e-04 0.0000000000e+00 
 0.0000000000e+00 0.0000000000e+00 -2.2204460493e-16
 
Elt 4
 -1.5175351753e-16 -4.1141670054e-17 1.0328078119e-16 
 -4.1141670054e-17 1.0892657069e-04 -1.2488497425e-16 
 1.0328078119e-16 -1.2488497425e-16 -7.0291087398e-17
 
Elt 1
 -4.6855035385e-06 -1.5618389398e-06 2.4387299074e-12 
 -1.5618389398e-06 4.1040981827e-04 -1.5618389398e-06 
 2.4387299074e-12 -1.5618389398e-06 -4.6855035386e-06
 
Elt 2
 -1.5618304473e-06 -1.5618341059e-06 2.4393008602e-12 
 -1.5618341059e-06 2.5235637550e-05 -1.5618341059e-06 
 2.4393008601e-12 -1.5618341059e-06 -1.5618304472e-06
 
Elt 3
 -3.1236676026e-06 -7.8091826644e-07 1.2195158661e-12 
 -7.8091826644e-07 2.1784127463e-04 -1.5618365327e-06 
 1.2195158661e-12 -1.5618365327e-06 -3.1236657732e-06
 
Elt 4
 -3.1236627249e-06 -2.3427547989e-06 3.6586502181e-12 
 -2.3427547989e-06 2.1784126975e-04 -1.5618365328e-06 
 3.6586502181e-12 -1.5618365328e-06 -3.1236657731e-06
 
Elt 1
 -1.6756771747e-05 -5.4629560091e-06 3.0105565709e-11 
 -5.4629560091e-06 5.5888834959e-04 -5.4629560091e-06 
 3.0105565706e-11 -5.4629560091e-06 -1.6756771748e-05
 
Elt 2
 -5.6411820009e-06 -5.6298237802e-06 3.1957868603e-11 
 -5.6298237802e-06 9.4545870974e-05 -5.6298237802e-06 
 3.1957868603e-11 -5.6298237802e-06 -5.6411820008e-06
 
Elt 3
 -1.1115517453e-05 -2.7788966848e-06 1.5452964433e-11 
 -2.7788966848e-06 3.2674408494e-04 -5.5577933736e-06 
 1.5452964434e-11 -5.5577933736e-06 -1.1115494299e-05
 
Elt 4
 -1.1115455689e-05 -8.3366900538e-06 4.6343202049e-11 
 -8.3366900538e-06 3.2674402318e-04 -5.5577933653e-06 
 4.6343202049e-11 -5.5577933653e-06 -1.1115494283e-05
 
Elt 1
 -3.7607040939e-05 -1.1861550111e-05 4.7139422823e-10 
 -1.1861550111e-05 6.4992983482e-04 -1.1861550111e-05 
 4.7139422823e-10 -1.1861550111e-05 -3.7607040939e-05
 
Elt 2
 -1.2841509408e-05 -1.2779543678e-05 2.7574443878e-10 
 -1.2779543678e-05 2.2129248615e-04 -1.2779543678e-05 
 2.7574443878e-10 -1.2779543678e-05 -1.2841509407e-05
 
Elt 3
 -2.4765152288e-05 -6.1913740959e-06 2.4054305809e-10 
 -6.1913740959e-06 4.3563423903e-04 -1.2382802830e-05 
 2.4054305809e-10 -1.2382802830e-05 -2.4765146590e-05
 
Elt 4
 -2.4764845718e-05 -1.8574122286e-05 5.0309378685e-10 
 -1.8574122286e-05 4.3563393246e-04 -1.2382693554e-05 
 5.0309378685e-10 -1.2382693554e-05 -2.4764928059e-05
 
Elt 1
 -6.7065342622e-05 -2.0198676711e-05 2.8529224403e-09 
 -2.0198676711e-05 6.7701571652e-04 -2.0198676711e-05 
 2.8529224403e-09 -2.0198676711e-05 -6.7065342622e-05
 
Elt 2
 -2.3334353296e-05 -2.3138188553e-05 1.3648032248e-09 
 -2.3138188553e-05 4.1198712123e-04 -2.3138188553e-05 
 1.3648032248e-09 -2.3138188553e-05 -2.3334353296e-05
 
Elt 3
 -4.3729719627e-05 -1.0932698155e-05 1.4523104794e-09 
 -1.0932698155e-05 5.4451054432e-04 -2.1865800819e-05 
 1.4523104794e-09 -2.1865800819e-05 -4.3730170080e-05
 
Elt 4
 -4.3728763811e-05 -3.2798094481e-05 2.7391023176e-09 
 -3.2798094481e-05 5.4450958854e-04 -2.1864991815e-05 
 2.7391023176e-09 -2.1864991815e-05 -4.3728552312e-05
 
Elt 1
 -1.0336375623e-04 -2.9231309641e-05 1.1001570711e-08 
 -2.9231309641e-05 6.4096278589e-04 -2.9231309641e-05 
 1.1001570711e-08 -2.9231309641e-05 -1.0336375623e-04
 
Elt 2
 -3.6829352926e-05 -3.6360479089e-05 4.7676254193e-09 
 -3.6360479089e-05 6.6577876717e-04 -3.6360479089e-05 
 4.7676254193e-09 -3.6360479089e-05 -3.6829352926e-05
 
Elt 3
 -6.6531195390e-05 -1.6633419679e-05 5.5888445737e-09 
 -1.6633419679e-05 6.5337164534e-04 -3.3268518302e-05 
 5.5888445737e-09 -3.3268518302e-05 -6.6533722826e-05
 
Elt 4
 -6.6528983088e-05 -4.9900259188e-05 1.0052045303e-08 
 -4.9900259188e-05 6.5336943326e-04 -3.3265160534e-05 
 1.0052045303e-08 -3.3265160534e-05 -6.6527008727e-05
 
Elt 1
 -1.4332931051e-04 -3.7193414268e-05 3.2429070047e-08 
 -3.7193414268e-05 5.4955143213e-04 -3.7193414268e-05 
 3.2429070047e-08 -3.7193414268e-05 -1.4332931051e-04
 
Elt 2
 -5.2595339022e-05 -5.1661001537e-05 1.3231450560e-08 
 -5.1661001537e-05 9.7483313111e-04 -5.1661001537e-05 
 1.3231450560e-08 -5.1661001537e-05 -5.2595339022e-05
 
Elt 3
 -9.0727346219e-05 -2.2682990598e-05 1.6429198148e-08 
 -2.2682990598e-05 7.6221636458e-04 -4.5371116252e-05 
 1.6429198148e-08 -4.5371116252e-05 -9.0736070164e-05
 
Elt 4
 -9.0723232415e-05 -6.8048972538e-05 2.8752722083e-08 
 -6.8048972538e-05 7.6221225171e-04 -4.5360846713e-05 
 2.8752722083e-08 -4.5360846713e-05 -9.0715536921e-05
 
Elt 1
 -1.8278012536e-04 -4.2067874798e-05 7.9564217010e-08 
 -4.2067874798e-05 4.1633106177e-04 -4.2067874798e-05 
 7.9564217010e-08 -4.2067874798e-05 -1.8278012536e-04
 
Elt 2
 -6.9530088355e-05 -6.7898903516e-05 3.1147083727e-08 
 -6.7898903516e-05 1.3255456072e-03 -6.7898903516e-05 
 3.1147083727e-08 -6.7898903516e-05 -6.9530088355e-05
 
Elt 3
 -1.1323835514e-04 -2.8311385157e-05 4.0164854346e-08 
 -2.8311385157e-05 8.7104402739e-04 -5.6635629199e-05 
 4.0164854346e-08 -5.6635629199e-05 -1.1326165898e-04
 
Elt 4
 -1.1323194707e-04 -8.4934158020e-05 6.9075748300e-08 
 -8.4934158020e-05 8.7103762223e-04 -5.6609913371e-05 
 6.9075748300e-08 -5.6609913371e-05 -1.1321024526e-04
 
Elt 1
 -2.1706821515e-04 -4.1926897734e-05 1.7038194815e-07 
 -4.1926897734e-05 2.5877868452e-04 -4.1926897734e-05 
 1.7038194815e-07 -4.1926897734e-05 -2.1706821515e-04
 
Elt 2
 -8.6269844697e-05 -8.3703490078e-05 6.4708916663e-08 
 -8.3703490078e-05 1.7004043199e-03 -8.3703490078e-05 
 6.4708916663e-08 -8.3703490078e-05 -8.6269844697e-05
 
Elt 3
 -1.3078034662e-04 -3.2697479503e-05 8.5632637361e-08 
 -3.2697479503e-05 9.7985467483e-04 -6.5422802517e-05 
 8.5632637361e-08 -6.5422802517e-05 -1.3083280134e-04
 
Elt 4
 -1.3077179994e-04 -9.8092445238e-05 1.4556570113e-07 
 -9.8092445238e-05 9.7984613543e-04 -6.5367120592e-05 
 1.4556570113e-07 -6.5367120592e-05 -1.3072148189e-04
 
Elt 1
 -2.4169132659e-04 -3.5288172872e-05 3.2791345827e-07 
 -3.5288172872e-05 9.6065056480e-05 -3.5288172872e-05 
 3.2791345827e-07 -3.5288172872e-05 -2.4169132659e-04
 
Elt 2
 -1.0132451825e-04 -9.7623538971e-05 1.2174093093e-07 
 -9.7623538971e-05 2.0802398023e-03 -9.7623538971e-05 
 1.2174093093e-07 -9.7623538971e-05 -1.0132451825e-04
 
Elt 3
 -1.4034215746e-04 -3.5088288738e-05 1.6396152146e-07 
 -3.5088288738e-05 1.0886491039e-03 -7.0230435118e-05 
 1.6396152146e-07 -7.0230435118e-05 -1.4044612552e-04
 
Elt 4
 -1.4033231601e-04 -1.0526488067e-04 2.7654084304e-07 
 -1.0526488067e-04 1.0886392775e-03 -7.0122730749e-05 
 2.7654084304e-07 -7.0122730749e-05 -1.4023080832e-04
 
Elt 1
 -2.5289092790e-04 -2.1430589755e-05 5.7819365385e-07 
 -2.1430589755e-05 -5.3284923866e-05 -2.1430589755e-05 
 5.7819365385e-07 -2.1430589755e-05 -2.5289092790e-04
 
Elt 2
 -1.1322352113e-04 -1.0828217861e-04 2.1108814880e-07 
 -1.0828217861e-04 2.4465681278e-03 -1.0828217861e-04 
 2.1108814880e-07 -1.0828217861e-04 -1.1322352113e-04
 
Elt 3
 -1.3963740640e-04 -3.4912063046e-05 2.8744122315e-07 
 -3.4912063046e-05 1.1974287374e-03 -6.9919170012e-05 
 2.8744122315e-07 -6.9919170012e-05 -1.3982374136e-04
 
Elt 4
 -1.3962766427e-04 -1.0473621511e-04 4.8230052136e-07 
 -1.0473621511e-04 1.1974190218e-03 -6.9729101755e-05 
 4.8230052136e-07 -6.9729101755e-05 -1.3944376490e-04
 
Elt 1
 -2.4815834901e-04 -6.1832678857e-07 9.4641793755e-07 
 -6.1832678857e-07 -1.7355147009e-04 -6.1832678871e-07 
 9.4641793755e-07 -6.1832678871e-07 -2.4815834901e-04
 
Elt 2
 -1.2065737776e-04 -1.1451985283e-04 3.4152565291e-07 
 -1.1451985283e-04 2.7837401281e-03 -1.1451985283e-04 
 3.4152565291e-07 -1.1451985283e-04 -1.2065737776e-04
 
Elt 3
 -1.2746867686e-04 -3.1869413243e-05 4.6753784806e-07 
 -3.1869413243e-05 1.3061953890e-03 -6.3894058690e-05 
 4.6753784806e-07 -6.3894058690e-05 -1.2777594852e-04
 
Elt 4
 -1.2746055934e-04 -9.5608279092e-05 7.8191227234e-07 
 -9.5608279092e-05 1.3061873110e-03 -6.3583623980e-05 
 7.8191227234e-07 -6.3583623980e-05 -1.2715531720e-04
 
Elt 1
 -2.2658570110e-04 2.5805340369e-05 1.4514215959e-06 
 2.5805340369e-05 -2.5354758343e-04 2.5805340369e-05 
 1.4514215959e-06 2.5805340369e-05 -2.2658570110e-04
 
Elt 2
 -1.2260185554e-04 -1.1551045959e-04 5.2020526332e-07 
 -1.1551045959e-04 3.0806495983e-03 -1.1551045959e-04 
 5.2020526332e-07 -1.1551045959e-04 -1.2260185554e-04
 
Elt 3
 -1.0395374993e-04 -2.5989909795e-05 7.1214587202e-07 
 -2.5989909795e-05 1.4149510151e-03 -5.2216829928e-05 
 7.1214587202e-07 -5.2216829928e-05 -1.0442556060e-04
 
Elt 4
 -1.0394835158e-04 -7.7969779131e-05 1.1886799247e-06 
 -7.7969779131e-05 1.4149456659e-03 -5.1742846894e-05 
 1.1886799247e-06 -5.1742846894e-05 -1.0347789084e-04
 
Elt 1
 -1.8901985566e-04 5.5475052454e-05 2.0991216190e-06 
 5.5475052454e-05 -2.8772680404e-04 5.5475052454e-05 
 2.0991216190e-06 5.5475052454e-05 -1.8901985566e-04
 
Elt 2
 -1.1841394945e-04 -1.1083969367e-04 7.5075101086e-07 
 -1.1083969367e-04 3.3318195142e-03 -1.1083969367e-04 
 7.5075101086e-07 -1.1083969367e-04 -1.1841394945e-04
 
Elt 3
 -7.0582995480e-05 -1.7646405314e-05 1.0224255627e-06 
 -1.7646405314e-05 1.5236975340e-03 -3.5633488491e-05 
 1.0224255627e-06 -3.5633488491e-05 -7.1263235660e-05
 
Elt 4
 -7.0580506955e-05 -5.2939265535e-05 1.7048428546e-06 
 -5.2939265535e-05 1.5236950935e-03 -3.4952170605e-05 
 1.7048428546e-06 -3.4952170605e-05 -6.9900889603e-05
 
Elt 1
 -1.3800485472e-04 8.5209736519e-05 2.8758576876e-06 
 8.5209736519e-05 -2.7656828976e-04 8.5209736519e-05 
 2.8758576876e-06 8.5209736519e-05 -1.3800485472e-04
 
Elt 2
 -1.0789244499e-04 -1.0053942108e-04 1.0311883632e-06 
 -1.0053942108e-04 3.5377707963e-03 -1.0053942108e-04 
 1.0311883632e-06 -1.0053942108e-04 -1.0789244499e-04
 
Elt 3
 -3.0100794613e-05 -7.5253006649e-06 1.3896776613e-06 
 -7.5253006649e-06 1.6324367352e-03 -1.5513834848e-05 
 1.3896776613e-06 -1.5513834848e-05 -3.1026983368e-05
 
Elt 4
 -3.0100342072e-05 -2.2575932860e-05 2.3162617454e-06 
 -2.2575932860e-05 1.6324363106e-03 -1.4587392140e-05 
 2.3162617454e-06 -1.4587392140e-05 -2.9174267741e-05
 
Elt 1
 -7.7515499851e-05 1.1135336049e-04 3.7417317955e-06 
 1.1135336049e-04 -2.2620726256e-04 1.1135336049e-04 
 3.7417317955e-06 1.1135336049e-04 -7.7515499851e-05
 
Elt 2
 -9.1298186251e-05 -8.5075095072e-05 1.3517889225e-06 
 -8.5075095072e-05 3.7046460457e-03 -8.5075095072e-05 
 1.3517889225e-06 -8.5075095072e-05 -9.1298186251e-05
 
Elt 3
 1.3781172432e-05 3.4452540434e-06 1.7921272149e-06 
 3.4452540434e-06 1.7411702438e-03 6.2931642268e-06 
 1.7921272149e-06 6.2931642268e-06 1.2586465474e-05
 
Elt 4
 1.3781267280e-05 1.0335773592e-05 2.9869160948e-06 
 1.0335773592e-05 1.7411701325e-03 7.4878585815e-06 
 2.9869160948e-06 7.4878585815e-06 1.4975948384e-05
 
Elt 1
 -1.2516401856e-05 1.3021130276e-04 4.6263954009e-06 
 1.3021130276e-04 -1.4737891481e-04 1.3021130276e-04 
 4.6263954009e-06 1.3021130276e-04 -1.2516401856e-05
 
Elt 2
 -6.9334248675e-05 -6.5290788604e-05 1.6933254974e-06 
 -6.5290788604e-05 3.8431564560e-03 -6.5290788604e-05 
 1.6933254974e-06 -6.5290788604e-05 -6.9334248675e-05
 
Elt 3
 5.6804586153e-05 1.4200625532e-05 2.1929703709e-06 
 1.4200625532e-05 1.8498994668e-03 2.7670523439e-05 
 2.1929703709e-06 2.7670523439e-05 5.5343434439e-05
 
Elt 4
 5.6806197497e-05 4.2601952054e-05 3.6555304070e-06 
 4.2601952054e-05 1.8498977725e-03 2.9132032349e-05 
 3.6555304070e-06 2.9132032349e-05 5.8266943168e-05
 
Elt 1
 5.1598720865e-05 1.3852995811e-04 5.4283185394e-06 
 1.3852995811e-04 -5.3844913191e-05 1.3852995811e-04 
 5.4283185394e-06 1.3852995811e-04 5.1598720866e-05
 
Elt 2
 -4.3089537144e-05 -4.2319832041e-05 2.0261195501e-06 
 -4.2319832041e-05 3.9670126057e-03 -4.2319832041e-05 
 2.0261195501e-06 -4.2319832041e-05 -4.3089537144e-05
 
Elt 3
 9.4667900353e-05 2.3665584596e-05 2.5401511473e-06 
 2.3665584596e-05 1.9586229800e-03 4.6485074328e-05 
 2.5401511473e-06 4.6485074328e-05 9.2976802330e-05
 
Elt 4
 9.4672375298e-05 7.0996903684e-05 4.2351625944e-06 
 7.0996903684e-05 1.9586183450e-03 4.8177372557e-05 
 4.2351625944e-06 4.8177372557e-05 9.6362350281e-05
 
Elt 1
 1.0962603089e-04 1.3395719483e-04 6.0184729838e-06 
 1.3395719483e-04 3.9480251848e-05 1.3395719483e-04 
 6.0184729838e-06 1.3395719483e-04 1.0962603089e-04
 
Elt 2
 -1.3947972909e-05 -1.7468785175e-05 2.3102417777e-06 
 -1.7468785175e-05 4.0910578866e-03 -1.7468785175e-05 
 2.3102417777e-06 -1.7468785175e-05 -1.3947972909e-05
 
Elt 3
 1.2355346117e-04 3.0886032748e-05 2.7683931597e-06 
 3.0886032748e-05 2.0673344916e-03 6.0850258391e-05 
 2.7683931597e-06 6.0850258391e-05 1.2171186797e-04
 
Elt 4
 1.2356108292e-04 9.2658313576e-05 4.6166528322e-06 
 9.2658313576e-05 2.0673266423e-03 6.2694029463e-05 
 4.6166528322e-06 6.2694029463e-05 1.2540076557e-04
 
Elt 1
 1.5712882767e-04 1.1541613337e-04 6.2486023918e-06 
 1.1541613337e-04 1.1851276734e-04 1.1541613337e-04 
 6.2486023918e-06 1.1541613337e-04 1.5712882767e-04
 
Elt 2
 1.6518973582e-05 7.9037162518e-06 2.4971088068e-06 
 7.9037162518e-06 4.2293179785e-03 7.9037162517e-06 
 2.4971088068e-06 7.9037162517e-06 1.6518973582e-05
 
Elt 3
 1.4059643881e-04 3.5146113507e-05 2.8036316060e-06 
 3.5146113507e-05 2.1760347319e-03 6.9358915786e-05 
 2.8036316060e-06 6.9358915786e-05 1.3873255037e-04
 
Elt 4
 1.4060630748e-04 1.0543858997e-04 4.6761525063e-06 
 1.0543858997e-04 2.1760246011e-03 7.1225720593e-05 
 4.6761525063e-06 7.1225720593e-05 1.4246772351e-04
 
Elt 1
 1.9091608170e-04 8.3345558314e-05 5.9641714156e-06 
 8.3345558314e-05 1.7174064317e-04 8.3345558314e-05 
 5.9641714156e-06 8.3345558314e-05 1.9091608170e-04
 
Elt 2
 4.6669827775e-05 3.2502925025e-05 2.5327571003e-06 
 3.2502925025e-05 4.3932508737e-03 3.2502925025e-05 
 2.5327571003e-06 3.2502925025e-05 4.6669827775e-05
 
Elt 3
 1.4424549562e-04 3.6058239417e-05 2.5699253775e-06 
 3.6058239417e-05 2.2847242130e-03 7.1261088989e-05 
 2.5699253775e-06 7.1261088989e-05 1.4253770007e-04
 
Elt 4
 1.4425588244e-04 1.0817495393e-04 4.2868071902e-06 
 1.0817495393e-04 2.2847135797e-03 7.2972041473e-05 
 4.2868071902e-06 7.2972041473e-05 1.4596107688e-04
 
Elt 1
 2.0936077874e-04 3.9767688678e-05 5.0211185244e-06 
 3.9767688678e-05 1.9157719556e-04 3.9767688678e-05 
 5.0211185244e-06 3.9767688678e-05 2.0936077874e-04
 
Elt 2
 7.4909160074e-05 5.5195558512e-05 2.3627329373e-06 
 5.5195558512e-05 4.5903964458e-03 5.5195558512e-05 
 2.3627329373e-06 5.5195558512e-05 7.4909160074e-05
 
Elt 3
 1.3446547512e-04 3.3613666048e-05 1.9984002374e-06 
 3.3613666048e-05 2.3934030306e-03 6.6562231524e-05 
 1.9984002374e-06 6.6562231524e-05 1.3313799629e-04
 
Elt 4
 1.3447450060e-04 1.0084117013e-04 3.3337750297e-06 
 1.0084117013e-04 2.3933938265e-03 6.7892559270e-05 
 3.3337750297e-06 6.7892559270e-05 1.3579972040e-04
 
Elt 1
 2.1252326059e-04 -1.1831787172e-05 3.3041516686e-06 
 -1.1831787172e-05 1.7516610024e-04 -1.1831787172e-05 
 3.3041516686e-06 -1.1831787172e-05 2.1252326058e-04
 
Elt 2
 9.9792805397e-05 7.5080571534e-05 1.9381864321e-06 
 7.5080571534e-05 4.8235748817e-03 7.5080571534e-05 
 1.9381864321e-06 7.5080571534e-05 9.9792805397e-05
 
Elt 3
 1.1275655845e-04 2.8187267480e-05 1.0368605358e-06 
 2.8187267480e-05 2.5020708458e-03 5.6029566275e-05 
 1.0368605358e-06 5.6029566275e-05 1.1206871115e-04
 
Elt 4
 1.1276290453e-04 8.4561878170e-05 1.7302602972e-06 
 8.4561878170e-05 2.5020644221e-03 5.6719559817e-05 
 1.7302602972e-06 5.6719559817e-05 1.1344916460e-04
 
Elt 1
 2.0206673894e-04 -6.6807978453e-05 7.4664669756e-07 
 -6.6807978453e-05 1.2455842030e-04 -6.6807978452e-05 
 7.4664669756e-07 -6.6807978452e-05 2.0206673894e-04
 
Elt 2
 1.2011464561e-04 9.1527076940e-05 1.2228110002e-06 
 9.1527076940e-05 5.0907151344e-03 9.1527076939e-05 
 1.2228110002e-06 9.1527076939e-05 1.2011464561e-04
 
Elt 3
 8.1984352499e-05 2.0495135280e-05 -3.3975247934e-07 
 2.0495135280e-05 2.6107270511e-03 4.1103771293e-05 
 -3.3975247934e-07 4.1103771293e-05 8.2212682243e-05
 
Elt 4
 8.1987707243e-05 6.1485386925e-05 -5.6514686061e-07 
 6.1485386925e-05 2.6107237150e-03 4.0876755582e-05 
 -5.6514686061e-07 4.0876755582e-05 8.1758538736e-05
 
Elt 1
 1.8097533068e-04 -1.1982078259e-04 -2.6495315044e-06 
 -1.1982078259e-04 4.6255629377e-05 -1.1982078259e-04 
 -2.6495315044e-06 -1.1982078259e-04 1.8097533068e-04
 
Elt 2
 1.3496950155e-04 1.0417828327e-04 1.9988355057e-07 
 1.0417828327e-04 5.3853187331e-03 1.0417828327e-04 
 1.9988355057e-07 1.0417828327e-04 1.3496950155e-04
 
Elt 3
 4.6036246035e-05 1.1508800936e-05 -2.1190119750e-06 
 1.1508800936e-05 2.7193710424e-03 2.3723920283e-05 
 -2.1190119750e-06 2.3723920283e-05 4.7449535316e-05
 
Elt 4
 4.6037303762e-05 3.4526330822e-05 -3.5313772425e-06 
 3.4526330822e-05 2.7193700495e-03 2.2311226731e-05 
 -3.5313772425e-06 2.2311226731e-05 4.4623747053e-05
 
Elt 1
 1.5311641249e-04 -1.6540683431e-04 -6.7981912591e-06 
 -1.6540683431e-04 -4.9793531853e-05 -1.6540683431e-04 
 -6.7981912591e-06 -1.6540683431e-04 1.5311641249e-04
 
Elt 2
 1.4379009654e-04 1.1292639837e-04 -1.1217175940e-06 
 1.1292639837e-04 5.6974684083e-03 1.1292639837e-04 
 -1.1217175940e-06 1.1292639837e-04 1.4379009654e-04
 
Elt 3
 9.3474293729e-06 2.3368712736e-06 -4.2431342362e-06 
 2.3368712736e-06 2.8280024713e-03 6.0880672379e-06 
 -4.2431342362e-06 6.0880672379e-06 1.2176239878e-05
 
Elt 4
 9.3474729780e-06 7.0105594240e-06 -7.0719125919e-06 
 7.0105594240e-06 2.8280024540e-03 3.2593660667e-06 
 -7.0719125919e-06 3.2593660667e-06 6.5186395609e-06
 
Elt 1
 1.2270878543e-04 -1.9859217738e-04 -1.1519498998e-05 
 -1.9859217738e-04 -1.5158808004e-04 -1.9859217738e-04 
 -1.1519498998e-05 -1.9859217738e-04 1.2270878543e-04
 
Elt 2
 1.4635837736e-04 1.1786584442e-04 -2.7035063735e-06 
 1.1786584442e-04 6.0152237929e-03 1.1786584442e-04 
 -2.7035063735e-06 1.1786584442e-04 1.4635837736e-04
 
Elt 3
 -2.3642459066e-05 -5.9107397143e-06 -6.6049399875e-06 
 -5.9107397143e-06 2.9366213644e-03 -9.6196803364e-06 
 -6.6049399875e-06 -9.6196803364e-06 -1.9239038105e-05
 
Elt 4
 -2.3642180125e-05 -1.7732182931e-05 -1.1008131425e-05 
 -1.7732182931e-05 2.9366209816e-03 -1.4023277997e-05 
 -1.1008131425e-05 -1.4023277997e-05 -2.8045699923e-05
 
Elt 1
 9.3770197198e-05 -2.1547163570e-04 -1.6538767814e-05 
 -2.1547163570e-04 -2.4664427639e-04 -2.1547163570e-04 
 -1.6538767814e-05 -2.1547163570e-04 9.3770197197e-05
 
Elt 2
 1.4279405641e-04 1.1923391416e-04 -4.4757521857e-06 
 1.1923391416e-04 6.3261845971e-03 1.1923391416e-04 
 -4.4757521857e-06 1.1923391416e-04 1.4279405641e-04
 
Elt 3
 -4.9031312702e-05 -1.2258325042e-05 -9.0485889405e-06 
 -1.2258325042e-05 3.0452280616e-03 -2.1499951326e-05 
 -9.0485889405e-06 -2.1499951326e-05 -4.2998372741e-05
 
Elt 4
 -4.9030113067e-05 -3.6774806849e-05 -1.5080506529e-05 
 -3.6774806849e-05 3.0452265667e-03 -2.7533272627e-05 
 -1.5080506529e-05 -2.7533272627e-05 -5.5063407556e-05
 
Elt 1
 6.9605721769e-05 -2.1368953813e-04 -2.1496312171e-05 
 -2.1368953813e-04 -3.2363489215e-04 -2.1368953813e-04 
 -2.1496312171e-05 -2.1368953813e-04 6.9605721769e-05
 
Elt 2
 1.3352237815e-04 1.1734806547e-04 -6.3390832601e-06 
 1.1734806547e-04 6.6191020923e-03 1.1734806547e-04 
 -6.3390832601e-06 1.1734806547e-04 1.3352237815e-04
 
Elt 3
 -6.3935323588e-05 -1.5984673072e-05 -1.1376501986e-05 
 -1.5984673072e-05 3.1538159654e-03 -2.8176344123e-05 
 -1.1376501986e-05 -2.8176344123e-05 -5.6350056190e-05
 
Elt 4
 -6.3933283934e-05 -4.7953735855e-05 -1.8960027855e-05 
 -4.7953735855e-05 3.1538134418e-03 -3.5762214671e-05 
 -1.8960027855e-05 -3.5762214671e-05 -7.1519147586e-05
 
Elt 1
 5.2416676844e-05 -1.9274745556e-04 -2.5966215605e-05 
 -1.9274745556e-04 -3.7369565197e-04 -1.9274745556e-04 
 -2.5966215605e-05 -1.9274745556e-04 5.2416676844e-05
 
Elt 2
 1.1922584996e-04 1.1254759042e-04 -8.1683675791e-06 
 1.1254759042e-04 6.8851984706e-03 1.1254759042e-04 
 -8.1683675791e-06 1.1254759042e-04 1.1922584996e-04
 
Elt 3
 -6.6833083675e-05 -1.6709219895e-05 -1.3361297276e-05 
 -1.6709219895e-05 3.2623862261e-03 -2.8963686988e-05 
 -1.3361297276e-05 -2.8963686988e-05 -5.7924539522e-05
 
Elt 4
 -6.6830855097e-05 -5.0127342330e-05 -2.2267950971e-05 
 -5.0127342330e-05 3.2623834034e-03 -3.7873063578e-05 
 -2.2267950971e-05 -3.7873063578e-05 -7.5740075494e-05
 
Elt 1
 4.3067401190e-05 -1.5411292955e-04 -2.9485734639e-05 
 -1.5411292955e-04 -3.9140848891e-04 -1.5411292955e-04 
 -2.9485734639e-05 -1.5411292955e-04 4.3067401190e-05
 
Elt 2
 1.0078768730e-04 1.0515047314e-04 -9.8199012153e-06 
 1.0515047314e-04 7.1191211832e-03 1.0515047314e-04 
 -9.8199012153e-06 1.0515047314e-04 1.0078768730e-04
 
Elt 3
 -5.7742991870e-05 -1.4436499265e-05 -1.4762979584e-05 
 -1.4436499265e-05 3.3709411944e-03 -2.3951138724e-05 
 -1.4762979584e-05 -2.3951138724e-05 -4.7900249631e-05
 
Elt 4
 -5.7741328417e-05 -4.3309268723e-05 -2.4604339002e-05 
 -4.3309268723e-05 3.3709389638e-03 -3.3794819591e-05 
 -2.4604339002e-05 -3.3794819591e-05 -6.7584631924e-05
 
Elt 1
 4.1033823554e-05 -1.0111178085e-04 -3.1592836194e-05 
 -1.0111178085e-04 -3.7529550843e-04 -1.0111178085e-04 
 -3.1592836194e-05 -1.0111178085e-04 4.1033823554e-05
 
Elt 2
 7.9230414101e-05 9.5428544941e-05 -1.1141275627e-05 
 9.5428544941e-05 7.3194241578e-03 9.5428544941e-05 
 -1.1141275627e-05 9.5428544941e-05 7.9230414101e-05
 
Elt 3
 -3.8213234400e-05 -9.5536628763e-06 -1.5349800377e-05 
 -9.5536628763e-06 3.4794833350e-03 -1.3990231303e-05 
 -1.5349800377e-05 -1.3990231303e-05 -2.7979666507e-05
 
Elt 4
 -3.8212505944e-05 -2.8660964121e-05 -2.5582809470e-05 
 -2.8660964121e-05 3.4794822164e-03 -2.4224545654e-05 
 -2.5582809470e-05 -2.4224545654e-05 -4.8446413152e-05
 
Elt 1
 4.4528798684e-05 -3.8618719644e-05 -3.1866789963e-05 
 -3.8618719644e-05 -3.2780874013e-04 -3.8618719644e-05 
 -3.1866789963e-05 -3.8618719644e-05 4.4528798684e-05
 
Elt 2
 5.5652595616e-05 8.3600189471e-05 -1.1982914035e-05 
 8.3600189471e-05 7.4885543699e-03 8.3600189471e-05 
 -1.1982914035e-05 8.3600189471e-05 5.5652595616e-05
 
Elt 3
 -1.1132404830e-05 -2.7830781738e-06 -1.4919731018e-05 
 -2.7830781738e-06 3.5880150474e-03 -5.9290779780e-07 
 -1.4919731018e-05 -5.9290779780e-07 -1.1857588754e-06
 
Elt 4
 -1.1132343014e-05 -8.3494697813e-06 -2.4866397145e-05 
 -8.3494697813e-06 3.5880148752e-03 -1.0539717217e-05 
 -2.4866397145e-05 -1.0539717217e-05 -2.1079152946e-05
 
Elt 1
 5.0793030265e-05 2.7430799546e-05 -2.9971973565e-05 
 2.7430799546e-05 -2.5482555129e-04 2.7430799545e-05 
 -2.9971973565e-05 2.7430799545e-05 5.0793030265e-05
 
Elt 2
 3.1168015591e-05 6.9842424878e-05 -1.2210841801e-05 
 6.9842424878e-05 7.6323520760e-03 6.9842424878e-05 
 -1.2210841801e-05 6.9842424878e-05 3.1168015591e-05
 
Elt 3
 1.9623412976e-05 4.9060122273e-06 -1.3323150581e-05 
 4.9060122273e-06 3.6965385545e-03 1.4252673711e-05 
 -1.3323150581e-05 1.4252673711e-05 2.8505869985e-05
 
Elt 4
 1.9623605041e-05 1.4717586817e-05 -2.2205498755e-05 
 1.4717586817e-05 3.6965385363e-03 5.3709294573e-06 
 -2.2205498755e-05 5.3709294573e-06 1.0740981573e-05
 
Elt 1
 5.6515145961e-05 9.0656702154e-05 -2.5699929984e-05 
 9.0656702154e-05 -1.6473077456e-04 9.0656702154e-05 
 -2.5699929984e-05 9.0656702154e-05 5.6515145961e-05
 
Elt 2
 6.8504831308e-06 5.4318620317e-05 -1.1719560086e-05 
 5.4318620317e-05 7.7591432347e-03 5.4318620317e-05 
 -1.1719560086e-05 5.4318620317e-05 6.8504831310e-06
 
Elt 3
 4.9667012670e-05 1.2416695186e-05 -1.0484126233e-05 
 1.2416695186e-05 3.8050557781e-03 2.8327563143e-05 
 -1.0484126233e-05 2.8327563143e-05 5.6657392147e-05
 
Elt 4
 4.9668242937e-05 3.7249568055e-05 -1.7473465898e-05 
 3.7249568055e-05 3.8050548941e-03 2.1338762393e-05 
 -1.7473465898e-05 2.1338762393e-05 4.2677482547e-05
 
Elt 1
 5.8322688431e-05 1.4490582319e-04 -1.9004884927e-05 
 1.4490582319e-04 -6.7226252981e-05 1.4490582319e-04 
 -1.9004884927e-05 1.4490582319e-04 5.8322688431e-05
 
Elt 2
 -1.6313290267e-05 3.7215803029e-05 -1.0443872492e-05 
 3.7215803029e-05 7.8785602040e-03 3.7215803028e-05 
 -1.0443872492e-05 3.7215803028e-05 -1.6313290267e-05
 
Elt 3
 7.4638794699e-05 1.8659130602e-05 -6.4177923257e-06 
 1.8659130602e-05 3.9135677411e-03 3.9457216062e-05 
 -6.4177923257e-06 3.9457216062e-05 7.8919048627e-05
 
Elt 4
 7.4641572835e-05 5.5977008758e-05 -1.0695629126e-05 
 5.5977008758e-05 3.9135652815e-03 3.5178993930e-05 
 -1.0695629126e-05 3.5178993930e-05 7.0360596887e-05
 
Elt 1
 5.3281063904e-05 1.8491761290e-04 -1.0026938764e-05 
 1.8491761290e-04 2.7926663377e-05 1.8491761290e-04 
 -1.0026938764e-05 1.8491761290e-04 5.3281063904e-05
 
Elt 2
 -3.7467321316e-05 1.8780032429e-05 -8.3681013017e-06 
 1.8780032429e-05 8.0002820135e-03 1.8780032429e-05 
 -8.3681013017e-06 1.8780032429e-05 -3.7467321316e-05
 
Elt 3
 9.0749281138e-05 2.2686161177e-05 -1.2407879825e-06 
 2.2686161177e-05 4.0220681722e-03 4.5786139553e-05 
 -1.2407879825e-06 4.5786139553e-05 9.1578742504e-05
 
Elt 4
 9.0753387649e-05 6.8058405926e-05 -2.0666566636e-06 
 6.8058405926e-05 4.0220641406e-03 4.4958446027e-05 
 -2.0666566636e-06 4.4958446027e-05 8.9922898629e-05
 
Elt 1
 3.9333180492e-05 2.0688284250e-04 8.9868021558e-07 
 2.0688284250e-04 1.1215938814e-04 2.0688284250e-04 
 8.9868021558e-07 2.0688284250e-04 3.9333180492e-05
 
Elt 2
 -5.5915488354e-05 -6.5115411065e-07 -5.5317700988e-06 
 -6.5115411065e-07 8.1328175787e-03 -6.5115411064e-07 
 -5.5317700988e-06 -6.5115411064e-07 -5.5915488354e-05
 
Elt 3
 9.5247230102e-05 2.3810250382e-05 4.8257916739e-06 
 2.3810250382e-05 4.1305574634e-03 4.6012752041e-05 
 4.8257916739e-06 4.6012752041e-05 9.2032327399e-05
 
Elt 4
 9.5251753403e-05 7.1431020690e-05 8.0446444944e-06 
 7.1431020690e-05 4.1305526346e-03 4.9228437456e-05 
 8.0446444944e-06 4.9228437456e-05 9.8465509741e-05
 
Elt 1
 1.5622694628e-05 2.0885143336e-04 1.3247830644e-05 
 2.0885143336e-04 1.7905858937e-04 2.0885143336e-04 
 1.3247830644e-05 2.0885143336e-04 1.5622694628e-05
 
Elt 2
 -7.1143982488e-05 -2.0630168323e-05 -2.0316701854e-06 
 -2.0630168323e-05 8.2825332149e-03 -2.0630168323e-05 
 -2.0316701854e-06 -2.0630168323e-05 -7.1143982488e-05
 
Elt 3
 8.6764403994e-05 2.1689553150e-05 1.1462177248e-05 
 2.1689553150e-05 4.2390357057e-03 3.9559655370e-05 
 1.1462177248e-05 3.9559655370e-05 7.9124711742e-05
 
Elt 4
 8.6768157183e-05 6.5069117225e-05 1.9105109701e-05 
 6.5069117225e-05 4.2390312916e-03 4.7198820416e-05 
 1.9105109701e-05 4.7198820416e-05 9.4406823463e-05
 
Elt 1
 -1.7338260063e-05 1.9093905204e-04 2.6330169394e-05 
 1.9093905204e-04 2.2499510627e-04 1.9093905204e-04 
 2.6330169394e-05 1.9093905204e-04 -1.7338260062e-05
 
Elt 2
 -8.2833970322e-05 -4.0597411336e-05 1.9805045708e-06 
 -4.0597411336e-05 8.4530254533e-03 -4.0597411336e-05 
 1.9805045708e-06 -4.0597411336e-05 -8.2833970322e-05
 
Elt 3
 6.5495161312e-05 1.6372715930e-05 1.8264809288e-05 
 1.6372715930e-05 4.3475025887e-03 2.6658373120e-05 
 1.8264809288e-05 2.6658373120e-05 5.3319600377e-05
 
Elt 4
 6.5497299794e-05 4.9118425880e-05 3.0442130083e-05 
 4.9118425880e-05 4.3474996551e-03 3.8832495628e-05 
 3.0442130083e-05 3.8832495628e-05 7.7672103490e-05
 
Elt 1
 -5.7678372044e-05 1.5530969264e-04 3.9327736647e-05 
 1.5530969264e-04 2.4933796272e-04 1.5530969264e-04 
 3.9327736647e-05 1.5530969264e-04 -5.7678372044e-05
 
Elt 2
 -9.0864632317e-05 -5.9898298460e-05 6.3051487667e-06 
 -5.9898298460e-05 8.6449084971e-03 -5.9898298460e-05 
 6.3051487667e-06 -5.9898298460e-05 -9.0864632317e-05
 
Elt 3
 3.3189839054e-05 8.2971909238e-06 2.4769875978e-05 
 8.2971909238e-06 4.4559574923e-03 8.3382420565e-06 
 2.4769875978e-05 8.3382420565e-06 1.6677089544e-05
 
Elt 4
 3.3190388187e-05 2.4891167068e-05 4.1282901270e-05 
 2.4891167068e-05 4.4559563967e-03 2.4849843005e-05 
 4.1282901270e-05 2.4849843005e-05 4.9702591000e-05
 
Elt 1
 -1.0235194193e-04 1.0593689520e-04 5.1347049005e-05 
 1.0593689520e-04 2.5424473012e-04 1.0593689520e-04 
 5.1347049005e-05 1.0593689520e-04 -1.0235194193e-04
 
Elt 2
 -9.5306549695e-05 -7.7818182348e-05 1.0705881275e-05 
 -7.7818182348e-05 8.8560255746e-03 -7.7818182348e-05 
 1.0705881275e-05 -7.7818182348e-05 -9.5306549695e-05
 
Elt 3
 -7.0364625134e-06 -1.7585194088e-06 3.0484138914e-05 
 -1.7585194088e-06 4.5643997452e-03 -1.3679294157e-05 
 3.0484138914e-05 -1.3679294157e-05 -2.7358333980e-05
 
Elt 4
 -7.0364378154e-06 -5.2771443168e-06 5.0805721948e-05 
 -5.2771443168e-06 4.5643998630e-03 6.6434599407e-06 
 5.0805721948e-05 6.6434599407e-06 1.3284807398e-05
 
Elt 1
 -1.4746898370e-04 4.8176315785e-05 6.1480743220e-05 
 4.8176315785e-05 2.4410542628e-04 4.8176315785e-05 
 6.1480743220e-05 4.8176315785e-05 -1.4746898370e-04
 
Elt 2
 -9.6404440429e-05 -9.3629214998e-05 1.4923903842e-05 
 -9.3629214998e-05 9.0820064146e-03 -9.3629214998e-05 
 1.4923903842e-05 -9.3629214998e-05 -9.6404440429e-05
 
Elt 3
 -5.1050650536e-05 -1.2761448631e-05 3.4920689509e-05 
 -1.2761448631e-05 4.6728289416e-03 -3.7165755974e-05 
 3.4920689509e-05 -3.7165755974e-05 -7.4328677143e-05
 
Elt 4
 -5.1049351519e-05 -3.8287426432e-05 5.8199445912e-05 
 -3.8287426432e-05 4.6728288274e-03 -1.3883093030e-05 
 5.8199445912e-05 -1.3883093030e-05 -2.7772463336e-05
 
Elt 1
 -1.8874317525e-04 -1.1820644151e-05 6.8877135416e-05 
 -1.1820644151e-05 2.2463517898e-04 -1.1820644151e-05 
 6.8877135416e-05 -1.1820644151e-05 -1.8874317525e-04
 
Elt 2
 -9.4550247656e-05 -1.0664911783e-04 1.8696372517e-05 
 -1.0664911783e-04 9.3171524831e-03 -1.0664911783e-04 
 1.8696372517e-05 -1.0664911783e-04 -9.4550247655e-05
 
Elt 3
 -9.4175796933e-05 -2.3542586483e-05 3.7637654198e-05 
 -2.3542586483e-05 4.7812348354e-03 -5.9635422352e-05 
 3.7637654198e-05 -5.9635422352e-05 -1.1926259185e-04
 
Elt 4
 -9.4171376539e-05 -7.0632318540e-05 6.2727844353e-05 
 -7.0632318540e-05 4.7812327707e-03 -3.4539207276e-05 
 6.2727844353e-05 -3.4539207276e-05 -6.9086631900e-05
 
Elt 1
 -2.2198518293e-04 -6.7767907983e-05 7.2808323309e-05 
 -6.7767907983e-05 2.0192961711e-04 -6.7767907983e-05 
 7.2808323309e-05 -6.7767907983e-05 -2.2198518293e-04
 
Elt 2
 -9.0245525099e-05 -1.1629626320e-04 2.1774715939e-05 
 -1.1629626320e-04 9.5554174844e-03 -1.1629626320e-04 
 2.1774715939e-05 -1.1629626320e-04 -9.0245525099e-05
 
Elt 3
 -1.3172158250e-04 -3.2929407306e-05 3.8275704558e-05 
 -3.2929407306e-05 4.8896175679e-03 -7.8623004531e-05 
 3.8275704558e-05 -7.8623004531e-05 -1.5723083342e-04
 
Elt 4
 -1.3171293539e-04 -9.8793852127e-05 6.3792032934e-05 
 -9.8793852127e-05 4.8896122713e-03 -5.3099741301e-05 
 6.3792032934e-05 -5.3099741301e-05 -1.0620682372e-04
 
Elt 1
 -2.4359364136e-04 -1.1391893264e-04 7.2735290867e-05 
 -1.1391893264e-04 1.8144199895e-04 -1.1391893264e-04 
 7.2735290867e-05 -1.1391893264e-04 -2.4359364136e-04
 
Elt 2
 -8.4057614281e-05 -1.2214035448e-04 2.3942766973e-05 
 -1.2214035448e-04 9.7914039700e-03 -1.2214035448e-04 
 2.3942766973e-05 -1.2214035448e-04 -8.4057614281e-05
 
Elt 3
 -1.5951900953e-04 -3.9879533183e-05 3.6593230196e-05 
 -3.9879533183e-05 4.9979787945e-03 -9.1962839668e-05 
 3.6593230196e-05 -9.1962839668e-05 -1.8390422490e-04
 
Elt 4
 -1.5950632846e-04 -1.1964456289e-04 6.0989094760e-05 
 -1.1964456289e-04 4.9979699924e-03 -6.7560582675e-05 
 6.0989094760e-05 -6.7560582675e-05 -1.3512517679e-04
 
Elt 1
 -2.5097762919e-04 -1.4567274254e-04 6.8361186759e-05 
 -1.4567274254e-04 1.6712398153e-04 -1.4567274254e-04 
 6.8361186759e-05 -1.4567274254e-04 -2.5097762919e-04
 
Elt 2
 -7.6571549111e-05 -1.2393958365e-04 2.5032443125e-05 
 -1.2393958365e-04 1.0021211087e-02 -1.2393958365e-04 
 2.5032443125e-05 -1.2393958365e-04 -7.6571549111e-05
 
Elt 3
 -1.7439128434e-04 -4.3598508755e-05 3.2494281238e-05 
 -4.3598508755e-05 5.1063212721e-03 -9.8033882559e-05 
 3.2494281238e-05 -9.8033882559e-05 -1.9604283449e-04
 
Elt 4
 -1.7437612939e-04 -1.3080093568e-04 5.4158739688e-05 
 -1.3080093568e-04 5.1063098824e-03 -7.6364853846e-05 
 5.4158739688e-05 -7.6364853846e-05 -1.5272907247e-04
 
Elt 1
 -2.4285961632e-04 -1.6004577795e-04 5.9667570080e-05 
 -1.6004577795e-04 1.6083496885e-04 -1.6004577795e-04 
 5.9667570080e-05 -1.6004577795e-04 -2.4285961632e-04
 
Elt 2
 -6.8340872217e-05 -1.2165950244e-04 2.4935890367e-05 
 -1.2165950244e-04 1.0243013837e-02 -1.2165950244e-04 
 2.4935890367e-05 -1.2165950244e-04 -6.8340872217e-05
 
Elt 3
 -1.7450647037e-04 -4.3628061196e-05 2.6046318834e-05 
 -4.3628061196e-05 5.2146483359e-03 -9.5942212401e-05 
 2.6046318834e-05 -9.5942212401e-05 -1.9186012477e-04
 
Elt 4
 -1.7449129637e-04 -1.3088826028e-04 4.3413024122e-05 
 -1.3088826028e-04 5.2146361818e-03 -7.8573503899e-05 
 4.3413024122e-05 -7.8573503899e-05 -1.5714188815e-04
 
Elt 1
 -2.1942321702e-04 -1.5596081484e-04 4.6930289293e-05 
 -1.5596081484e-04 1.6210326370e-04 -1.5596081484e-04 
 4.6930289293e-05 -1.5596081484e-04 -2.1942321702e-04
 
Elt 2
 -5.9840652232e-05 -1.1547122513e-04 2.3613608596e-05 
 -1.1547122513e-04 1.0457293723e-02 -1.1547122513e-04 
 2.3613608596e-05 -1.1547122513e-04 -5.9840652232e-05
 
Elt 3
 -1.5957268159e-04 -3.9894996373e-05 1.7485798963e-05 
 -3.9894996373e-05 5.3229634043e-03 -8.5620671504e-05 
 1.7485798963e-05 -8.5620671504e-05 -1.7122166725e-04
 
Elt 4
 -1.5955999443e-04 -1.1968731945e-04 2.9145783856e-05 
 -1.1968731945e-04 5.3229525707e-03 -7.3961248341e-05 
 2.9145783856e-05 -7.3961248341e-05 -1.4791438460e-04
 
Elt 1
 -1.8229207826e-04 -1.3432471603e-04 3.0712463238e-05 
 -1.3432471603e-04 1.6826336001e-04 -1.3432471603e-04 
 3.0712463238e-05 -1.3432471603e-04 -1.8229207826e-04
 
Elt 2
 -5.1427593382e-05 -1.0572971263e-04 2.1097708912e-05 
 -1.0572971263e-04 1.0666698704e-02 -1.0572971263e-04 
 2.1097708912e-05 -1.0572971263e-04 -5.1427593382e-05
 
Elt 3
 -1.3085702573e-04 -3.2715996615e-05 7.2104487077e-06 
 -3.2715996615e-05 5.4312696401e-03 -6.7835785123e-05 
 7.2104487077e-06 -6.7835785123e-05 -1.3565896069e-04
 
Elt 4
 -1.3084849453e-04 -9.8148697722e-05 1.2019831115e-05 
 -9.8148697722e-05 5.4312617356e-03 -6.3028764001e-05 
 1.2019831115e-05 -6.3028764001e-05 -1.2604872707e-04
 
Elt 1
 -1.3434581473e-04 -9.7891433314e-05 1.1834891539e-05 
 -9.7891433314e-05 1.7494294962e-04 -9.7891433314e-05 
 1.1834891539e-05 -9.7891433314e-05 -1.3434581473e-04
 
Elt 2
 -4.3311420574e-05 -9.2935384129e-05 1.7490142945e-05 
 -9.2935384129e-05 1.0875559540e-02 -9.2935384129e-05 
 1.7490142945e-05 -9.2935384129e-05 -4.3311420574e-05
 
Elt 3
 -9.1029952872e-05 -2.2758716031e-05 -4.2413815797e-06 
 -2.2758716031e-05 5.5395698132e-03 -4.4102908056e-05 
 -4.2413815797e-06 -4.4102908056e-05 -8.8200263408e-05
 
Elt 4
