
Stress Elt 3:
GP1
-3.5585e-05 -3.2024e-06 2.1350e-06 
-3.2024e-06 -1.8505e-05 -8.8886e-23 
2.1350e-06 -8.8886e-23 -1.8505e-05 


Stress Elt 3:
GP2
-3.5585e-05 -3.2024e-06 5.3374e-07 
-3.2024e-06 -1.8505e-05 -2.2221e-23 
5.3374e-07 -2.2221e-23 -1.8505e-05 


Stress Elt 3:
GP3
0000 2.1350e-06 5.3374e-07 
2.1350e-06 0000 1.4814e-23 
5.3374e-07 1.4814e-23 0000 


Stress Elt 3:
GP4
0000 2.1350e-06 2.1350e-06 
2.1350e-06 0000 5.9257e-23 
2.1350e-06 5.9257e-23 0000 


Stress Elt 3:
GP5
0000 -1.6012e-06 2.1350e-06 
-1.6012e-06 0000 -4.4443e-23 
2.1350e-06 -4.4443e-23 0000 


Stress Elt 3:
GP6
0000 -1.6012e-06 5.3374e-07 
-1.6012e-06 0000 -1.1111e-23 
5.3374e-07 -1.1111e-23 0000 


Stress Elt 3:
GP7
0000 2.1350e-06 5.3374e-07 
2.1350e-06 0000 1.4814e-23 
5.3374e-07 1.4814e-23 0000 


Stress Elt 3:
GP8
0000 2.1350e-06 2.1350e-06 
2.1350e-06 0000 5.9257e-23 
2.1350e-06 5.9257e-23 0000 


Stress Elt 3:
GP1
-3.5585e-05 -3.2024e-06 2.1350e-06 
-3.2024e-06 -1.8505e-05 -8.8886e-23 
2.1350e-06 -8.8886e-23 -1.8505e-05 


Stress Elt 3:
GP2
-3.5585e-05 -3.2024e-06 5.3374e-07 
-3.2024e-06 -1.8505e-05 -2.2221e-23 
5.3374e-07 -2.2221e-23 -1.8505e-05 


Stress Elt 3:
GP3
0000 2.1350e-06 5.3374e-07 
2.1350e-06 0000 1.4814e-23 
5.3374e-07 1.4814e-23 0000 


Stress Elt 3:
GP4
0000 2.1350e-06 2.1350e-06 
2.1350e-06 0000 5.9257e-23 
2.1350e-06 5.9257e-23 0000 


Stress Elt 3:
GP5
0000 -1.6012e-06 2.1350e-06 
-1.6012e-06 0000 -4.4443e-23 
2.1350e-06 -4.4443e-23 0000 


Stress Elt 3:
GP6
0000 -1.6012e-06 5.3374e-07 
-1.6012e-06 0000 -1.1111e-23 
5.3374e-07 -1.1111e-23 0000 


Stress Elt 3:
GP7
0000 2.1350e-06 5.3374e-07 
2.1350e-06 0000 1.4814e-23 
5.3374e-07 1.4814e-23 0000 


Stress Elt 3:
GP8
0000 2.1350e-06 2.1350e-06 
2.1350e-06 0000 5.9257e-23 
2.1350e-06 5.9257e-23 0000 


Stress Elt 3:
GP1
6.0286e+07 -9.5697e-07 2.1331e-06 
-9.5697e-07 1.4058e+08 -2.6561e-23 
2.1331e-06 -2.6561e-23 6.0286e+07 


Stress Elt 3:
GP2
6.0286e+07 -9.5697e-07 5.3328e-07 
-9.5697e-07 1.4058e+08 -6.6403e-24 
5.3328e-07 -6.6403e-24 6.0286e+07 


Stress Elt 3:
GP3
6.0286e+07 -1.1097e-07 5.3328e-07 
-1.1097e-07 1.4058e+08 -7.7001e-25 
5.3328e-07 -7.7001e-25 6.0286e+07 


Stress Elt 3:
GP4
6.0286e+07 -1.1097e-07 2.1331e-06 
-1.1097e-07 1.4058e+08 -3.0800e-24 
2.1331e-06 -3.0800e-24 6.0286e+07 


Stress Elt 3:
GP5
6.0286e+07 6.4216e-07 2.1331e-06 
6.4216e-07 1.4058e+08 1.7823e-23 
2.1331e-06 1.7823e-23 6.0286e+07 


Stress Elt 3:
GP6
6.0286e+07 6.4216e-07 5.3328e-07 
6.4216e-07 1.4058e+08 4.4559e-24 
5.3328e-07 4.4559e-24 6.0286e+07 


Stress Elt 3:
GP7
6.0286e+07 -1.1097e-07 5.3328e-07 
-1.1097e-07 1.4058e+08 -7.7001e-25 
5.3328e-07 -7.7001e-25 6.0286e+07 


Stress Elt 3:
GP8
6.0286e+07 -1.1097e-07 2.1331e-06 
-1.1097e-07 1.4058e+08 -3.0800e-24 
2.1331e-06 -3.0800e-24 6.0286e+07 


Stress Elt 3:
GP1
6.5839e+07 -1.2080e+06 7.0769e+01 
-1.2080e+06 1.8351e+08 -4.5082e+06 
7.0769e+01 -4.5082e+06 6.5839e+07 


Stress Elt 3:
GP2
6.5839e+07 -1.2080e+06 1.8962e+01 
-1.2080e+06 1.8351e+08 -1.2080e+06 
1.8962e+01 -1.2080e+06 6.5839e+07 


Stress Elt 3:
GP3
5.7578e+07 -1.2080e+06 1.8964e+01 
-1.2080e+06 1.7856e+08 -1.2080e+06 
1.8964e+01 -1.2080e+06 5.7578e+07 


Stress Elt 3:
GP4
5.7578e+07 -1.2080e+06 7.0774e+01 
-1.2080e+06 1.7856e+08 -4.5085e+06 
7.0774e+01 -4.5085e+06 5.7578e+07 


Stress Elt 3:
GP5
6.5839e+07 -4.5082e+06 2.6411e+02 
-4.5082e+06 1.8351e+08 -4.5082e+06 
2.6411e+02 -4.5082e+06 6.5839e+07 


Stress Elt 3:
GP6
6.5839e+07 -4.5082e+06 7.0769e+01 
-4.5082e+06 1.8351e+08 -1.2080e+06 
7.0769e+01 -1.2080e+06 6.5839e+07 


Stress Elt 3:
GP7
5.7578e+07 -4.5085e+06 7.0774e+01 
-4.5085e+06 1.7856e+08 -1.2080e+06 
7.0774e+01 -1.2080e+06 5.7578e+07 


Stress Elt 3:
GP8
5.7578e+07 -4.5085e+06 2.6413e+02 
-4.5085e+06 1.7856e+08 -4.5085e+06 
2.6413e+02 -4.5085e+06 5.7578e+07 


Stress Elt 3:
GP1
2.6269e+07 -2.2013e+06 3.2662e+02 
-2.2013e+06 1.5753e+08 -9.2493e+06 
3.2662e+02 -9.2493e+06 2.6271e+07 


Stress Elt 3:
GP2
2.7102e+07 -2.2013e+06 8.8131e+01 
-2.2013e+06 1.5947e+08 -2.2013e+06 
8.8131e+01 -2.2013e+06 2.7102e+07 


Stress Elt 3:
GP3
9.4668e+06 -2.4787e+06 8.8145e+01 
-2.4787e+06 1.4890e+08 -2.4787e+06 
8.8145e+01 -2.4787e+06 9.4668e+06 


Stress Elt 3:
GP4
8.6346e+06 -2.4787e+06 3.2667e+02 
-2.4787e+06 1.4696e+08 -9.5277e+06 
3.2667e+02 -9.5277e+06 8.6357e+06 


Stress Elt 3:
GP5
2.5438e+07 -9.2493e+06 1.2104e+03 
-9.2493e+06 1.5559e+08 -9.2493e+06 
1.2104e+03 -9.2493e+06 2.5438e+07 


Stress Elt 3:
GP6
2.6271e+07 -9.2493e+06 3.2662e+02 
-9.2493e+06 1.5753e+08 -2.2013e+06 
3.2662e+02 -2.2013e+06 2.6269e+07 


Stress Elt 3:
GP7
8.6357e+06 -9.5277e+06 3.2667e+02 
-9.5277e+06 1.4696e+08 -2.4787e+06 
3.2667e+02 -2.4787e+06 8.6346e+06 


Stress Elt 3:
GP8
7.8035e+06 -9.5278e+06 1.2106e+03 
-9.5278e+06 1.4502e+08 -9.5278e+06 
1.2106e+03 -9.5278e+06 7.8035e+06 


Stress Elt 3:
GP1
-9.9836e+06 -8.3093e+05 8.7786e+03 
-8.3093e+05 1.6272e+08 -6.8924e+06 
8.7786e+03 -6.8924e+06 -9.9926e+06 


Stress Elt 3:
GP2
-6.9804e+06 -8.4083e+05 3.6738e+03 
-8.4083e+05 1.6975e+08 -8.4083e+05 
3.6738e+03 -8.4083e+05 -6.9804e+06 


Stress Elt 3:
GP3
-2.2119e+07 -1.8470e+06 1.3544e+04 
-1.8470e+06 1.6068e+08 -1.8470e+06 
1.3544e+04 -1.8470e+06 -2.2119e+07 


Stress Elt 3:
GP4
-2.5075e+07 -1.8372e+06 3.2132e+04 
-1.8372e+06 1.5367e+08 -7.8994e+06 
3.2132e+04 -7.8994e+06 -2.5111e+07 


Stress Elt 3:
GP5
-1.2996e+07 -6.8556e+06 1.4354e+04 
-6.8556e+06 1.5568e+08 -6.8556e+06 
1.4354e+04 -6.8556e+06 -1.2996e+07 


Stress Elt 3:
GP6
-9.9926e+06 -6.8924e+06 8.7786e+03 
-6.8924e+06 1.6272e+08 -8.3093e+05 
8.7786e+03 -8.3093e+05 -9.9836e+06 


Stress Elt 3:
GP7
-2.5111e+07 -7.8994e+06 3.2132e+04 
-7.8994e+06 1.5367e+08 -1.8372e+06 
3.2132e+04 -1.8372e+06 -2.5075e+07 


Stress Elt 3:
GP8
-2.8066e+07 -7.8626e+06 5.1191e+04 
-7.8626e+06 1.4665e+08 -7.8626e+06 
5.1191e+04 -7.8626e+06 -2.8066e+07 


Stress Elt 3:
GP1
-1.7070e+07 2.4955e+06 4.5652e+04 
2.4955e+06 2.4093e+08 2.6467e+06 
4.5652e+04 2.6467e+06 -1.7123e+07 


Stress Elt 3:
GP2
-1.1951e+07 2.4445e+06 1.9293e+04 
2.4445e+06 2.5304e+08 2.4445e+06 
1.9293e+04 2.4445e+06 -1.1951e+07 


Stress Elt 3:
GP3
-1.1445e+07 7.0912e+05 7.2169e+04 
7.0912e+05 2.5334e+08 7.0912e+05 
7.2169e+04 7.0912e+05 -1.1445e+07 


Stress Elt 3:
GP4
-1.6311e+07 7.6158e+05 1.7077e+05 
7.6158e+05 2.4134e+08 9.1119e+05 
1.7077e+05 9.1119e+05 -1.6509e+07 


Stress Elt 3:
GP5
-2.2238e+07 2.8425e+06 7.2016e+04 
2.8425e+06 2.2883e+08 2.8425e+06 
7.2016e+04 2.8425e+06 -2.2238e+07 


Stress Elt 3:
GP6
-1.7123e+07 2.6467e+06 4.5652e+04 
2.6467e+06 2.4093e+08 2.4955e+06 
4.5652e+04 2.4955e+06 -1.7070e+07 


Stress Elt 3:
GP7
-1.6509e+07 9.1119e+05 1.7077e+05 
9.1119e+05 2.4134e+08 7.6158e+05 
1.7077e+05 7.6158e+05 -1.6311e+07 


Stress Elt 3:
GP8
-2.1370e+07 1.1084e+06 2.6938e+05 
1.1084e+06 2.2935e+08 1.1084e+06 
2.6938e+05 1.1084e+06 -2.1370e+07 


Stress Elt 3:
GP1
-1.3913e+07 4.5670e+06 1.2414e+05 
4.5670e+06 3.3405e+08 1.0683e+07 
1.2414e+05 1.0683e+07 -1.4055e+07 


Stress Elt 3:
GP2
-9.4289e+06 4.4379e+06 5.2418e+04 
4.4379e+06 3.4497e+08 4.4379e+06 
5.2418e+04 4.4379e+06 -9.4289e+06 


Stress Elt 3:
GP3
6.2022e+06 2.8619e+06 1.9571e+05 
2.8619e+06 3.5433e+08 2.8619e+06 
1.9571e+05 2.8619e+06 6.2022e+06 


Stress Elt 3:
GP4
2.4045e+06 3.0017e+06 4.6319e+05 
3.0017e+06 3.4370e+08 9.1056e+06 
4.6319e+05 9.1056e+06 1.8708e+06 


Stress Elt 3:
GP5
-1.8507e+07 1.1204e+07 1.9647e+05 
1.1204e+07 3.2321e+08 1.1204e+07 
1.9647e+05 1.1204e+07 -1.8507e+07 


Stress Elt 3:
GP6
-1.4055e+07 1.0683e+07 1.2414e+05 
1.0683e+07 3.3405e+08 4.5670e+06 
1.2414e+05 4.5670e+06 -1.3913e+07 


Stress Elt 3:
GP7
1.8708e+06 9.1056e+06 4.6319e+05 
9.1056e+06 3.4370e+08 3.0017e+06 
4.6319e+05 3.0017e+06 2.4045e+06 


Stress Elt 3:
GP8
-1.8942e+06 9.6379e+06 7.3131e+05 
9.6379e+06 3.3315e+08 9.6379e+06 
7.3131e+05 9.6379e+06 -1.8942e+06 


Stress Elt 3:
GP1
-2.5860e+07 2.8252e+06 2.1767e+05 
2.8252e+06 3.7357e+08 9.4043e+06 
2.1767e+05 9.4043e+06 -2.6110e+07 


Stress Elt 3:
GP2
-2.5976e+07 2.6279e+06 9.1940e+04 
2.6279e+06 3.7414e+08 2.6279e+06 
9.1940e+04 2.6279e+06 -2.5976e+07 


Stress Elt 3:
GP3
-9.0130e+06 2.5195e+06 3.4291e+05 
2.5195e+06 3.8428e+08 2.5195e+06 
3.4291e+05 2.5195e+06 -9.0130e+06 


Stress Elt 3:
GP4
-7.6944e+06 2.7565e+06 8.1146e+05 
2.7565e+06 3.8423e+08 9.2948e+06 
8.1146e+05 9.2948e+06 -8.6299e+06 


Stress Elt 3:
GP5
-2.5875e+07 1.0289e+07 3.4418e+05 
1.0289e+07 3.7328e+08 1.0289e+07 
3.4418e+05 1.0289e+07 -2.5875e+07 


Stress Elt 3:
GP6
-2.6110e+07 9.4043e+06 2.1767e+05 
9.4043e+06 3.7357e+08 2.8252e+06 
2.1767e+05 2.8252e+06 -2.5860e+07 


Stress Elt 3:
GP7
-8.6299e+06 9.2948e+06 8.1146e+05 
9.2948e+06 3.8423e+08 2.7565e+06 
8.1146e+05 2.7565e+06 -7.6944e+06 


Stress Elt 3:
GP8
-7.1915e+06 1.0219e+07 1.2808e+06 
1.0219e+07 3.8446e+08 1.0219e+07 
1.2808e+06 1.0219e+07 -7.1915e+06 


Stress Elt 3:
GP1
-4.3787e+07 -1.6055e+06 2.5533e+05 
-1.6055e+06 3.7404e+08 7.3343e+05 
2.5533e+05 7.3343e+05 -4.4081e+07 


Stress Elt 3:
GP2
-5.0197e+07 -1.7655e+06 1.0791e+05 
-1.7655e+06 3.6009e+08 -1.7655e+06 
1.0791e+05 -1.7655e+06 -5.0197e+07 


Stress Elt 3:
GP3
-4.3943e+07 1.9647e+05 4.0242e+05 
1.9647e+05 3.6383e+08 1.9647e+05 
4.0242e+05 1.9647e+05 -4.3943e+07 


Stress Elt 3:
GP4
-3.6121e+07 4.5548e+05 9.5208e+05 
4.5548e+05 3.7838e+08 2.6951e+06 
9.5208e+05 2.6951e+06 -3.7220e+07 


Stress Elt 3:
GP5
-3.7372e+07 1.7001e+06 4.0289e+05 
1.7001e+06 3.8868e+08 1.7001e+06 
4.0289e+05 1.7001e+06 -3.7372e+07 


Stress Elt 3:
GP6
-4.4081e+07 7.3343e+05 2.5533e+05 
7.3343e+05 3.7404e+08 -1.6055e+06 
2.5533e+05 -1.6055e+06 -4.3787e+07 


Stress Elt 3:
GP7
-3.7220e+07 2.6951e+06 9.5208e+05 
2.6951e+06 3.7838e+08 4.5548e+05 
9.5208e+05 4.5548e+05 -3.6121e+07 


Stress Elt 3:
GP8
-2.9099e+07 3.7607e+06 1.5018e+06 
3.7607e+06 3.9362e+08 3.7607e+06 
1.5018e+06 3.7607e+06 -2.9099e+07 


Stress Elt 3:
GP1
-3.5596e+07 -4.9604e+06 1.6339e+05 
-4.9604e+06 4.1035e+08 -6.2729e+06 
1.6339e+05 -6.2729e+06 -3.5785e+07 


Stress Elt 3:
GP2
-4.5596e+07 -4.8995e+06 6.9069e+04 
-4.8995e+06 3.8769e+08 -4.8995e+06 
6.9069e+04 -4.8995e+06 -4.5596e+07 


Stress Elt 3:
GP3
-4.9035e+07 -1.6810e+06 2.5720e+05 
-1.6810e+06 3.8563e+08 -1.6810e+06 
2.5720e+05 -1.6810e+06 -4.9035e+07 


Stress Elt 3:
GP4
-3.8133e+07 -1.5592e+06 6.0846e+05 
-1.5592e+06 4.0868e+08 -3.0550e+06 
6.0846e+05 -3.0550e+06 -3.8836e+07 


Stress Elt 3:
GP5
-2.5233e+07 -5.8183e+06 2.5770e+05 
-5.8183e+06 4.3429e+08 -5.8183e+06 
2.5770e+05 -5.8183e+06 -2.5233e+07 


Stress Elt 3:
GP6
-3.5785e+07 -6.2729e+06 1.6339e+05 
-6.2729e+06 4.1035e+08 -4.9604e+06 
1.6339e+05 -4.9604e+06 -3.5596e+07 


Stress Elt 3:
GP7
-3.8836e+07 -3.0550e+06 6.0846e+05 
-3.0550e+06 4.0868e+08 -1.5592e+06 
6.0846e+05 -1.5592e+06 -3.8133e+07 


Stress Elt 3:
GP8
-2.7383e+07 -2.4177e+06 9.5961e+05 
-2.4177e+06 4.3300e+08 -2.4177e+06 
9.5961e+05 -2.4177e+06 -2.7383e+07 


Stress Elt 3:
GP1
7.0884e+06 -4.6855e+06 -7.1618e+04 
-4.6855e+06 5.1505e+08 -5.8006e+06 
-7.1618e+04 -5.8006e+06 7.1711e+06 


Stress Elt 3:
GP2
-8.7014e+05 -4.2491e+06 -3.0276e+04 
-4.2491e+06 4.9625e+08 -4.2491e+06 
-3.0276e+04 -4.2491e+06 -8.7014e+05 


Stress Elt 3:
GP3
-4.7574e+06 -1.5545e+06 -1.1415e+05 
-1.5545e+06 4.9393e+08 -1.5545e+06 
-1.1415e+05 -1.5545e+06 -4.7574e+06 


Stress Elt 3:
GP4
2.7985e+06 -1.7330e+06 -2.7004e+05 
-1.7330e+06 5.1255e+08 -3.1063e+06 
-2.7004e+05 -3.1063e+06 3.1104e+06 


Stress Elt 3:
GP5
1.5907e+07 -6.4667e+06 -1.1290e+05 
-6.4667e+06 5.3565e+08 -6.4667e+06 
-1.1290e+05 -6.4667e+06 1.5907e+07 


Stress Elt 3:
GP6
7.1711e+06 -5.8006e+06 -7.1618e+04 
-5.8006e+06 5.1505e+08 -4.6855e+06 
-7.1618e+04 -4.6855e+06 7.0884e+06 


Stress Elt 3:
GP7
3.1104e+06 -3.1063e+06 -2.7004e+05 
-3.1063e+06 5.1255e+08 -1.7330e+06 
-2.7004e+05 -1.7330e+06 2.7985e+06 


Stress Elt 3:
GP8
1.1443e+07 -3.5146e+06 -4.2584e+05 
-3.5146e+06 5.3298e+08 -3.5146e+06 
-4.2584e+05 -3.5146e+06 1.1443e+07 


Stress Elt 3:
GP1
5.0957e+07 -1.6398e+06 -3.6965e+05 
-1.6398e+06 6.3349e+08 -7.3457e+05 
-3.6965e+05 -7.3457e+05 5.1384e+07 


Stress Elt 3:
GP2
4.9756e+07 -8.4478e+05 -1.5624e+05 
-8.4478e+05 6.2928e+08 -8.4478e+05 
-1.5624e+05 -8.4478e+05 4.9756e+07 


Stress Elt 3:
GP3
5.0033e+07 -1.9683e+05 -5.8467e+05 
-1.9683e+05 6.2944e+08 -1.9683e+05 
-5.8467e+05 -1.9683e+05 5.0033e+07 


Stress Elt 3:
GP4
4.9175e+07 -7.2468e+05 -1.3833e+06 
-7.2468e+05 6.3278e+08 -8.6637e+04 
-1.3833e+06 -8.6637e+04 5.0773e+07 


Stress Elt 3:
GP5
5.3389e+07 -2.7045e+06 -5.8302e+05 
-2.7045e+06 6.3958e+08 -2.7045e+06 
-5.8302e+05 -2.7045e+06 5.3389e+07 


Stress Elt 3:
GP6
5.1384e+07 -7.3457e+05 -3.6965e+05 
-7.3457e+05 6.3349e+08 -1.6398e+06 
-3.6965e+05 -1.6398e+06 5.0957e+07 


Stress Elt 3:
GP7
5.0773e+07 -8.6637e+04 -1.3833e+06 
-8.6637e+04 6.3278e+08 -7.2468e+05 
-1.3833e+06 -7.2468e+05 4.9175e+07 


Stress Elt 3:
GP8
5.0720e+07 -1.7894e+06 -2.1819e+06 
-1.7894e+06 6.3798e+08 -1.7894e+06 
-2.1819e+06 -1.7894e+06 5.0720e+07 


Stress Elt 3:
GP1
5.6317e+07 1.4806e+06 -5.8653e+05 
1.4806e+06 6.9245e+08 2.4137e+06 
-5.8653e+05 2.4137e+06 5.6995e+07 


Stress Elt 3:
GP2
6.2714e+07 2.3748e+06 -2.4787e+05 
2.3748e+06 7.0505e+08 2.3748e+06 
-2.4787e+05 2.3748e+06 6.2714e+07 


Stress Elt 3:
GP3
6.2812e+07 6.4670e+05 -9.2661e+05 
6.4670e+05 7.0511e+08 6.4670e+05 
-9.2661e+05 6.4670e+05 6.2812e+07 


Stress Elt 3:
GP4
5.3153e+07 -9.1866e+04 -2.1926e+06 
-9.1866e+04 6.9111e+08 6.8550e+05 
-2.1926e+06 6.8550e+05 5.5684e+07 


Stress Elt 3:
GP5
5.1067e+07 -3.4274e+05 -9.2514e+05 
-3.4274e+05 6.8093e+08 -3.4274e+05 
-9.2514e+05 -3.4274e+05 5.1067e+07 


Stress Elt 3:
GP6
5.6995e+07 2.4137e+06 -5.8653e+05 
2.4137e+06 6.9245e+08 1.4806e+06 
-5.8653e+05 1.4806e+06 5.6317e+07 


Stress Elt 3:
GP7
5.5684e+07 6.8550e+05 -2.1926e+06 
6.8550e+05 6.9111e+08 -9.1866e+04 
-2.1926e+06 -9.1866e+04 5.3153e+07 


Stress Elt 3:
GP8
4.6495e+07 -1.9154e+06 -3.4587e+06 
-1.9154e+06 6.7820e+08 -1.9154e+06 
-3.4587e+06 -1.9154e+06 4.6495e+07 


Stress Elt 3:
GP1
2.1398e+07 3.0571e+06 -5.8971e+05 
3.0571e+06 6.8980e+08 1.5192e+06 
-5.8971e+05 1.5192e+06 2.2079e+07 


Stress Elt 3:
GP2
3.2261e+07 3.6165e+06 -2.4922e+05 
3.6165e+06 7.1278e+08 3.6165e+06 
-2.4922e+05 3.6165e+06 3.2261e+07 


Stress Elt 3:
GP3
2.7001e+07 4.0695e+05 -9.3135e+05 
4.0695e+05 7.0964e+08 4.0695e+05 
-9.3135e+05 4.0695e+05 2.7001e+07 


Stress Elt 3:
GP4
1.2861e+07 -2.4459e+05 -2.2039e+06 
-2.4459e+05 6.8526e+08 -1.6909e+06 
-2.2039e+06 -1.6909e+06 1.5406e+07 


Stress Elt 3:
GP5
1.0942e+07 -9.1233e+05 -9.3002e+05 
-9.1233e+05 6.6618e+08 -9.1233e+05 
-9.3002e+05 -9.1233e+05 1.0942e+07 


Stress Elt 3:
GP6
2.2079e+07 1.5192e+06 -5.8971e+05 
1.5192e+06 6.8980e+08 3.0571e+06 
-5.8971e+05 3.0571e+06 2.1398e+07 


Stress Elt 3:
GP7
1.5406e+07 -1.6909e+06 -2.2039e+06 
-1.6909e+06 6.8526e+08 -2.4459e+05 
-2.2039e+06 -2.4459e+05 1.2861e+07 


Stress Elt 3:
GP8
9.9087e+05 -4.2149e+06 -3.4766e+06 
-4.2149e+06 6.6023e+08 -4.2149e+06 
-3.4766e+06 -4.2149e+06 9.9087e+05 


Stress Elt 3:
GP1
-1.8537e+07 3.3404e+06 -3.3270e+05 
3.3404e+06 6.9208e+08 -1.6220e+05 
-3.3270e+05 -1.6220e+05 -1.8153e+07 


Stress Elt 3:
GP2
-8.2613e+06 3.1460e+06 -1.4061e+05 
3.1460e+06 7.1469e+08 3.1460e+06 
-1.4061e+05 3.1460e+06 -8.2613e+06 


Stress Elt 3:
GP3
-1.6555e+07 -4.3583e+04 -5.2534e+05 
-4.3583e+04 7.0974e+08 -4.3583e+04 
-5.2534e+05 -4.3583e+04 -1.6555e+07 


Stress Elt 3:
GP4
-2.8679e+07 -2.7455e+05 -1.2431e+06 
-2.7455e+05 6.8634e+08 -3.3525e+06 
-1.2431e+06 -3.3525e+06 -2.7243e+07 


Stress Elt 3:
GP5
-2.9705e+07 -1.0240e+06 -5.2455e+05 
-1.0240e+06 6.6649e+08 -1.0240e+06 
-5.2455e+05 -1.0240e+06 -2.9705e+07 


Stress Elt 3:
GP6
-1.8153e+07 -1.6220e+05 -3.3270e+05 
-1.6220e+05 6.9208e+08 3.3404e+06 
-3.3270e+05 3.3404e+06 -1.8537e+07 


Stress Elt 3:
GP7
-2.7243e+07 -3.3525e+06 -1.2431e+06 
-3.3525e+06 6.8634e+08 -2.7455e+05 
-1.2431e+06 -2.7455e+05 -2.8679e+07 


Stress Elt 3:
GP8
-4.0644e+07 -4.6400e+06 -1.9608e+06 
-4.6400e+06 6.5997e+08 -4.6400e+06 
-1.9608e+06 -4.6400e+06 -4.0644e+07 


Stress Elt 3:
GP1
-3.2982e+07 2.9179e+06 1.1286e+05 
2.9179e+06 7.4911e+08 1.5976e+05 
1.1286e+05 1.5976e+05 -3.3112e+07 


Stress Elt 3:
GP2
-2.7953e+07 1.7898e+06 4.7696e+04 
1.7898e+06 7.6124e+08 1.7898e+06 
4.7696e+04 1.7898e+06 -2.7953e+07 


Stress Elt 3:
GP3
-3.2040e+07 4.2771e+04 1.7864e+05 
4.2771e+04 7.5880e+08 4.2771e+04 
1.7864e+05 4.2771e+04 -3.2040e+07 


Stress Elt 3:
GP4
-3.6439e+07 4.4137e+05 4.2270e+05 
4.4137e+05 7.4694e+08 -1.5875e+06 
4.2270e+05 -1.5875e+06 -3.6927e+07 


Stress Elt 3:
GP5
-4.0336e+07 1.6475e+06 1.7806e+05 
1.6475e+06 7.3188e+08 1.6475e+06 
1.7806e+05 1.6475e+06 -4.0336e+07 


Stress Elt 3:
GP6
-3.3112e+07 1.5976e+05 1.1286e+05 
1.5976e+05 7.4911e+08 2.9179e+06 
1.1286e+05 2.9179e+06 -3.2982e+07 


Stress Elt 3:
GP7
-3.6927e+07 -1.5875e+06 4.2270e+05 
-1.5875e+06 7.4694e+08 4.4137e+05 
4.2270e+05 4.4137e+05 -3.6439e+07 


Stress Elt 3:
GP8
-4.3521e+07 -8.2931e+05 6.6683e+05 
-8.2931e+05 7.2998e+08 -8.2931e+05 
6.6683e+05 -8.2931e+05 -4.3521e+07 


Stress Elt 3:
GP1
-2.5591e+07 1.5447e+06 5.8011e+05 
1.5447e+06 8.3778e+08 8.6937e+05 
5.8011e+05 8.6937e+05 -2.6261e+07 


Stress Elt 3:
GP2
-2.8404e+07 -3.0976e+05 2.4518e+05 
-3.0976e+05 8.3348e+08 -3.0976e+05 
2.4518e+05 -3.0976e+05 -2.8404e+07 


Stress Elt 3:
GP3
-2.5448e+07 2.3294e+05 9.1663e+05 
2.3294e+05 8.3524e+08 2.3294e+05 
9.1663e+05 2.3294e+05 -2.5448e+07 


Stress Elt 3:
GP4
-1.9405e+07 1.2241e+06 2.1687e+06 
1.2241e+06 8.4092e+08 1.4120e+06 
2.1687e+06 1.4120e+06 -2.1909e+07 


Stress Elt 3:
GP5
-2.6047e+07 4.5685e+06 9.1523e+05 
4.5685e+06 8.3604e+08 4.5685e+06 
9.1523e+05 4.5685e+06 -2.6047e+07 


Stress Elt 3:
GP6
-2.6261e+07 8.6937e+05 5.8011e+05 
8.6937e+05 8.3778e+08 1.5447e+06 
5.8011e+05 1.5447e+06 -2.5591e+07 


Stress Elt 3:
GP7
-2.1909e+07 1.4120e+06 2.1687e+06 
1.4120e+06 8.4092e+08 1.2241e+06 
2.1687e+06 1.2241e+06 -1.9405e+07 


Stress Elt 3:
GP8
-1.8465e+07 4.2477e+06 3.4210e+06 
4.2477e+06 8.4055e+08 4.2477e+06 
3.4210e+06 4.2477e+06 -1.8465e+07 


Stress Elt 3:
GP1
-1.8537e+07 -1.0054e+06 8.7008e+05 
-1.0054e+06 9.0191e+08 -9.4405e+05 
8.7008e+05 -9.4405e+05 -1.9542e+07 


Stress Elt 3:
GP2
-2.8571e+07 -2.9971e+06 3.6777e+05 
-2.9971e+06 8.8195e+08 -2.9971e+06 
3.6777e+05 -2.9971e+06 -2.8571e+07 


Stress Elt 3:
GP3
-2.3424e+07 -2.5305e+05 1.3746e+06 
-2.5305e+05 8.8502e+08 -2.5305e+05 
1.3746e+06 -2.5305e+05 -2.3424e+07 


Stress Elt 3:
GP4
-8.5444e+06 1.0219e+06 3.2519e+06 
1.0219e+06 9.0704e+08 1.7995e+06 
3.2519e+06 1.7995e+06 -1.2299e+07 


Stress Elt 3:
GP5
-1.1664e+07 3.8141e+06 1.3727e+06 
3.8141e+06 9.1684e+08 3.8141e+06 
1.3727e+06 3.8141e+06 -1.1664e+07 


Stress Elt 3:
GP6
-1.9542e+07 -9.4405e+05 8.7008e+05 
-9.4405e+05 9.0191e+08 -1.0054e+06 
8.7008e+05 -1.0054e+06 -1.8537e+07 


Stress Elt 3:
GP7
-1.2299e+07 1.7995e+06 3.2519e+06 
1.7995e+06 9.0704e+08 1.0219e+06 
3.2519e+06 1.0219e+06 -8.5444e+06 


Stress Elt 3:
GP8
4.2342e+05 5.8407e+06 5.1292e+06 
5.8407e+06 9.2405e+08 5.8407e+06 
5.1292e+06 5.8407e+06 4.2342e+05 


Stress Elt 3:
GP1
-1.8764e+07 -3.5760e+06 8.3529e+05 
-3.5760e+06 9.2816e+08 -4.2538e+06 
8.3529e+05 -4.2538e+06 -1.9728e+07 


Stress Elt 3:
GP2
-3.1833e+07 -4.9151e+06 3.5309e+05 
-4.9151e+06 9.0103e+08 -4.9151e+06 
3.5309e+05 -4.9151e+06 -3.1833e+07 


Stress Elt 3:
GP3
-3.0177e+07 -1.1400e+06 1.3199e+06 
-1.1400e+06 9.0201e+08 -1.1400e+06 
1.3199e+06 -1.1400e+06 -3.0177e+07 


Stress Elt 3:
GP4
-1.2454e+07 -6.9239e+04 3.1224e+06 
-6.9239e+04 9.3113e+08 -4.7946e+05 
3.1224e+06 -4.7946e+05 -1.6060e+07 


Stress Elt 3:
GP5
-7.4631e+06 -2.5785e+05 1.3176e+06 
-2.5785e+05 9.5342e+08 -2.5785e+05 
1.3176e+06 -2.5785e+05 -7.4631e+06 


Stress Elt 3:
GP6
-1.9728e+07 -4.2538e+06 8.3529e+05 
-4.2538e+06 9.2816e+08 -3.5760e+06 
8.3529e+05 -3.5760e+06 -1.8764e+07 


Stress Elt 3:
GP7
-1.6060e+07 -4.7946e+05 3.1224e+06 
-4.7946e+05 9.3113e+08 -6.9239e+04 
3.1224e+06 -6.9239e+04 -1.2454e+07 


Stress Elt 3:
GP8
8.5881e+05 3.2481e+06 4.9245e+06 
3.2481e+06 9.5837e+08 3.2481e+06 
4.9245e+06 3.2481e+06 8.5881e+05 


Stress Elt 3:
GP1
-1.1639e+07 -4.1236e+06 4.5415e+05 
-4.1236e+06 9.5890e+08 -4.4621e+06 
4.5415e+05 -4.4621e+06 -1.2164e+07 


Stress Elt 3:
GP2
-2.1398e+07 -4.1281e+06 1.9197e+05 
-4.1281e+06 9.3800e+08 -4.1281e+06 
1.9197e+05 -4.1281e+06 -2.1398e+07 


Stress Elt 3:
GP3
-2.2237e+07 -1.1958e+06 7.1804e+05 
-1.1958e+06 9.3750e+08 -1.1958e+06 
7.1804e+05 -1.1958e+06 -2.2237e+07 


Stress Elt 3:
GP4
-9.9460e+06 -8.0705e+05 1.6987e+06 
-8.0705e+05 9.5948e+08 -1.5301e+06 
1.6987e+06 -1.5301e+06 -1.1907e+07 


Stress Elt 3:
GP5
-1.2455e+06 -3.0114e+06 7.1628e+05 
-3.0114e+06 9.8250e+08 -3.0114e+06 
7.1628e+05 -3.0114e+06 -1.2455e+06 


Stress Elt 3:
GP6
-1.2164e+07 -4.4621e+06 4.5415e+05 
-4.4621e+06 9.5890e+08 -4.1236e+06 
4.5415e+05 -4.1236e+06 -1.1639e+07 


Stress Elt 3:
GP7
-1.1907e+07 -1.5301e+06 1.6987e+06 
-1.5301e+06 9.5948e+08 -8.0705e+05 
1.6987e+06 -8.0705e+05 -9.9460e+06 


Stress Elt 3:
GP8
1.5433e+06 3.0462e+05 2.6790e+06 
3.0462e+05 9.8416e+08 3.0462e+05 
2.6790e+06 3.0462e+05 1.5433e+06 


Stress Elt 3:
GP1
1.2708e+07 -1.8903e+06 -1.4135e+05 
-1.8903e+06 1.0312e+09 6.7141e+05 
-1.4135e+05 6.7141e+05 1.2872e+07 


Stress Elt 3:
GP2
1.1523e+07 -3.0879e+05 -5.9741e+04 
-3.0879e+05 1.0279e+09 -3.0879e+05 
-5.9741e+04 -3.0879e+05 1.1523e+07 


Stress Elt 3:
GP3
1.3983e+07 1.7990e+05 -2.2270e+05 
1.7990e+05 1.0294e+09 1.7990e+05 
-2.2270e+05 1.7990e+05 1.3983e+07 


Stress Elt 3:
GP4
1.4383e+07 -3.6394e+05 -5.2690e+05 
-3.6394e+05 1.0324e+09 1.1601e+06 
-5.2690e+05 1.1601e+06 1.4992e+07 


Stress Elt 3:
GP5
1.7186e+07 -1.3581e+06 -2.2294e+05 
-1.3581e+06 1.0418e+09 -1.3581e+06 
-2.2294e+05 -1.3581e+06 1.7186e+07 


Stress Elt 3:
GP6
1.2872e+07 6.7141e+05 -1.4135e+05 
6.7141e+05 1.0312e+09 -1.8903e+06 
-1.4135e+05 -1.8903e+06 1.2708e+07 


Stress Elt 3:
GP7
1.4992e+07 1.1601e+06 -5.2690e+05 
1.1601e+06 1.0324e+09 -3.6394e+05 
-5.2690e+05 -3.6394e+05 1.4383e+07 


Stress Elt 3:
GP8
1.8521e+07 1.6810e+05 -8.3105e+05 
1.6810e+05 1.0426e+09 1.6810e+05 
-8.3105e+05 1.6810e+05 1.8521e+07 


Stress Elt 3:
GP1
3.8734e+07 1.3979e+06 -7.1077e+05 
1.3979e+06 1.1259e+09 7.2569e+06 
-7.1077e+05 7.2569e+06 3.9555e+07 


Stress Elt 3:
GP2
4.7013e+07 4.2078e+06 -3.0037e+05 
4.2078e+06 1.1423e+09 4.2078e+06 
-3.0037e+05 4.2078e+06 4.7013e+07 


Stress Elt 3:
GP3
5.4670e+07 1.9442e+06 -1.1221e+06 
1.9442e+06 1.1469e+09 1.9442e+06 
-1.1221e+06 1.9442e+06 5.4670e+07 


Stress Elt 3:
GP4
4.2428e+07 5.8554e+05 -2.6553e+06 
5.8554e+05 1.1287e+09 4.9931e+06 
-2.6553e+06 4.9931e+06 4.5495e+07 


Stress Elt 3:
GP5
3.5656e+07 2.1854e+06 -1.1212e+06 
2.1854e+06 1.1196e+09 2.1854e+06 
-1.1212e+06 2.1854e+06 3.5656e+07 


Stress Elt 3:
GP6
3.9555e+07 7.2569e+06 -7.1077e+05 
7.2569e+06 1.1259e+09 1.3979e+06 
-7.1077e+05 1.3979e+06 3.8734e+07 


Stress Elt 3:
GP7
4.5495e+07 4.9931e+06 -2.6553e+06 
4.9931e+06 1.1287e+09 5.8554e+05 
-2.6553e+06 5.8554e+05 4.2428e+07 


Stress Elt 3:
GP8
3.7633e+07 1.3730e+06 -4.1886e+06 
1.3730e+06 1.1207e+09 1.3730e+06 
-4.1886e+06 1.3730e+06 3.7633e+07 


Stress Elt 3:
GP1
4.0122e+07 3.0194e+06 -1.0116e+06 
3.0194e+06 1.1924e+09 8.8980e+06 
-1.0116e+06 8.8980e+06 4.1290e+07 


Stress Elt 3:
GP2
5.3597e+07 6.1641e+06 -4.2747e+05 
6.1641e+06 1.2197e+09 6.1641e+06 
-4.2747e+05 6.1641e+06 5.3597e+07 


Stress Elt 3:
GP3
6.0462e+07 2.3838e+06 -1.5976e+06 
2.3838e+06 1.2238e+09 2.3838e+06 
-1.5976e+06 2.3838e+06 6.0462e+07 


Stress Elt 3:
GP4
4.1342e+07 6.7808e+05 -3.7807e+06 
6.7808e+05 1.1941e+09 5.1170e+06 
-3.7807e+06 5.1170e+06 4.5708e+07 


Stress Elt 3:
GP5
3.2162e+07 2.5311e+06 -1.5958e+06 
2.5311e+06 1.1751e+09 2.5311e+06 
-1.5958e+06 2.5311e+06 3.2162e+07 


Stress Elt 3:
GP6
4.1290e+07 8.8980e+06 -1.0116e+06 
8.8980e+06 1.1924e+09 3.0194e+06 
-1.0116e+06 3.0194e+06 4.0122e+07 


Stress Elt 3:
GP7
4.5708e+07 5.1170e+06 -3.7807e+06 
5.1170e+06 1.1941e+09 6.7808e+05 
-3.7807e+06 6.7808e+05 4.1342e+07 


Stress Elt 3:
GP8
3.0934e+07 1.8947e+05 -5.9643e+06 
1.8947e+05 1.1744e+09 1.8947e+05 
-5.9643e+06 1.8947e+05 3.0934e+07 


Stress Elt 3:
GP1
1.1340e+07 1.9003e+06 -9.1414e+05 
1.9003e+06 1.2139e+09 3.6108e+06 
-9.1414e+05 3.6108e+06 1.2395e+07 


Stress Elt 3:
GP2
2.3161e+07 4.2667e+06 -3.8631e+05 
4.2667e+06 1.2378e+09 4.2667e+06 
-3.8631e+05 4.2667e+06 2.3161e+07 


Stress Elt 3:
GP3
2.1512e+07 9.6735e+05 -1.4448e+06 
9.6735e+05 1.2368e+09 9.6735e+05 
-1.4448e+06 9.6735e+05 2.1512e+07 


Stress Elt 3:
GP4
4.5841e+06 -4.4785e+05 -3.4190e+06 
-4.4785e+05 1.2108e+09 3.1101e+05 
-3.4190e+06 3.1101e+05 8.5322e+06 


Stress Elt 3:
GP5
3.4471e+06 -1.6711e+06 -1.4418e+06 
-1.6711e+06 1.1967e+09 -1.6711e+06 
-1.4418e+06 -1.6711e+06 3.4471e+06 


Stress Elt 3:
GP6
1.2395e+07 3.6108e+06 -9.1414e+05 
3.6108e+06 1.2139e+09 1.9003e+06 
-9.1414e+05 1.9003e+06 1.1340e+07 


Stress Elt 3:
GP7
8.5322e+06 3.1101e+05 -3.4190e+06 
3.1101e+05 1.2108e+09 -4.4785e+05 
-3.4190e+06 -4.4785e+05 4.5841e+06 


Stress Elt 3:
GP8
-5.5225e+06 -4.0198e+06 -5.3935e+06 
-4.0198e+06 1.1914e+09 -4.0198e+06 
-5.3935e+06 -4.0198e+06 -5.5225e+06 


Stress Elt 3:
GP1
-2.4110e+07 -5.0588e+05 -4.6077e+05 
-5.0588e+05 1.2270e+09 -4.1152e+06 
-4.6077e+05 -4.1152e+06 -2.3577e+07 


Stress Elt 3:
GP2
-1.9310e+07 1.7706e+05 -1.9477e+05 
1.7706e+05 1.2363e+09 1.7706e+05 
-1.9477e+05 1.7706e+05 -1.9310e+07 


Stress Elt 3:
GP3
-3.0088e+07 -1.1028e+06 -7.3006e+05 
-1.1028e+06 1.2299e+09 -1.1028e+06 
-7.3006e+05 -1.1028e+06 -3.0088e+07 


Stress Elt 3:
GP4
-3.7470e+07 -1.6809e+06 -1.7274e+06 
-1.6809e+06 1.2195e+09 -5.3955e+06 
-1.7274e+06 -5.3955e+06 -3.5475e+07 


Stress Elt 3:
GP5
-2.8060e+07 -6.2726e+06 -7.2629e+05 
-6.2726e+06 1.2184e+09 -6.2726e+06 
-7.2629e+05 -6.2726e+06 -2.8060e+07 


Stress Elt 3:
GP6
-2.3577e+07 -4.1152e+06 -4.6077e+05 
-4.1152e+06 1.2270e+09 -5.0588e+05 
-4.6077e+05 -5.0588e+05 -2.4110e+07 


Stress Elt 3:
GP7
-3.5475e+07 -5.3955e+06 -1.7274e+06 
-5.3955e+06 1.2195e+09 -1.6809e+06 
-1.7274e+06 -1.6809e+06 -3.7470e+07 


Stress Elt 3:
GP8
-4.2540e+07 -7.4485e+06 -2.7243e+06 
-7.4485e+06 1.2097e+09 -7.4485e+06 
-2.7243e+06 -7.4485e+06 -4.2540e+07 


Stress Elt 3:
GP1
-3.8806e+07 -1.9043e+06 1.5918e+05 
-1.9043e+06 1.2739e+09 -8.1922e+06 
1.5918e+05 -8.1922e+06 -3.8989e+07 


Stress Elt 3:
GP2
-4.2291e+07 -3.2430e+06 6.7263e+04 
-3.2430e+06 1.2664e+09 -3.2430e+06 
6.7263e+04 -3.2430e+06 -4.2291e+07 


Stress Elt 3:
GP3
-5.4718e+07 -2.1954e+06 2.4891e+05 
-2.1954e+06 1.2591e+09 -2.1954e+06 
2.4891e+05 -2.1954e+06 -5.4718e+07 


Stress Elt 3:
GP4
-5.0358e+07 -1.7025e+06 5.8893e+05 
-1.7025e+06 1.2669e+09 -7.1452e+06 
5.8893e+05 -7.1452e+06 -5.1037e+07 


Stress Elt 3:
GP5
-3.8055e+07 -6.3532e+06 2.5133e+05 
-6.3532e+06 1.2755e+09 -6.3532e+06 
2.5133e+05 -6.3532e+06 -3.8055e+07 


Stress Elt 3:
GP6
-3.8989e+07 -8.1922e+06 1.5918e+05 
-8.1922e+06 1.2739e+09 -1.9043e+06 
1.5918e+05 -1.9043e+06 -3.8806e+07 


Stress Elt 3:
GP7
-5.1037e+07 -7.1452e+06 5.8893e+05 
-7.1452e+06 1.2669e+09 -1.7025e+06 
5.8893e+05 -1.7025e+06 -5.0358e+07 


Stress Elt 3:
GP8
-4.9227e+07 -6.1518e+06 9.2919e+05 
-6.1518e+06 1.2688e+09 -6.1518e+06 
9.2919e+05 -6.1518e+06 -4.9227e+07 


Stress Elt 3:
GP1
-2.8682e+07 -1.3632e+06 7.0058e+05 
-1.3632e+06 1.3521e+09 -6.7542e+06 
7.0058e+05 -6.7542e+06 -2.9491e+07 


Stress Elt 3:
GP2
-3.7795e+07 -4.3562e+06 2.9614e+05 
-4.3562e+06 1.3337e+09 -4.3562e+06 
2.9614e+05 -4.3562e+06 -3.7795e+07 


Stress Elt 3:
GP3
-4.3819e+07 -1.8100e+06 1.1047e+06 
-1.8100e+06 1.3301e+09 -1.8100e+06 
1.1047e+06 -1.8100e+06 -4.3819e+07 


Stress Elt 3:
GP4
-3.0804e+07 -4.1079e+05 2.6134e+06 
-4.1079e+05 1.3502e+09 -4.2083e+06 
2.6134e+06 -4.2083e+06 -3.3821e+07 


Stress Elt 3:
GP5
-2.5187e+07 -1.5330e+06 1.1050e+06 
-1.5330e+06 1.3594e+09 -1.5330e+06 
1.1050e+06 -1.5330e+06 -2.5187e+07 


Stress Elt 3:
GP6
-2.9491e+07 -6.7542e+06 7.0058e+05 
-6.7542e+06 1.3521e+09 -1.3632e+06 
7.0058e+05 -1.3632e+06 -2.8682e+07 


Stress Elt 3:
GP7
-3.3821e+07 -4.2083e+06 2.6134e+06 
-4.2083e+06 1.3502e+09 -4.1079e+05 
2.6134e+06 -4.1079e+05 -3.0804e+07 


Stress Elt 3:
GP8
-2.5614e+07 -5.8060e+05 4.1220e+06 
-5.8060e+05 1.3591e+09 -5.8060e+05 
4.1220e+06 -5.8060e+05 -2.5614e+07 


Stress Elt 3:
GP1
-1.0952e+07 2.7337e+05 9.6638e+05 
2.7337e+05 1.4231e+09 -2.5766e+06 
9.6638e+05 -2.5766e+06 -1.2068e+07 


Stress Elt 3:
GP2
-2.1206e+07 -3.4332e+06 4.0848e+05 
-3.4332e+06 1.4031e+09 -3.4332e+06 
4.0848e+05 -3.4332e+06 -2.1206e+07 


Stress Elt 3:
GP3
-1.9054e+07 -6.9051e+05 1.5256e+06 
-6.9051e+05 1.4044e+09 -6.9051e+05 
1.5256e+06 -6.9051e+05 -1.9054e+07 


Stress Elt 3:
GP4
-3.4052e+06 1.1279e+06 3.6091e+06 
1.1279e+06 1.4267e+09 1.6570e+05 
3.6091e+06 1.6570e+05 -7.5725e+06 


Stress Elt 3:
GP5
-7.5142e+06 4.2097e+06 1.5246e+06 
4.2097e+06 1.4300e+09 4.2097e+06 
1.5246e+06 4.2097e+06 -7.5142e+06 


Stress Elt 3:
GP6
-1.2068e+07 -2.5766e+06 9.6638e+05 
-2.5766e+06 1.4231e+09 2.7337e+05 
9.6638e+05 2.7337e+05 -1.0952e+07 


Stress Elt 3:
GP7
-7.5725e+06 1.6570e+05 3.6091e+06 
1.6570e+05 1.4267e+09 1.1279e+06 
3.6091e+06 1.1279e+06 -3.4052e+06 


Stress Elt 3:
GP8
2.3774e+06 5.0638e+06 5.6927e+06 
5.0638e+06 1.4358e+09 5.0638e+06 
5.6927e+06 5.0638e+06 2.3774e+06 


Stress Elt 3:
GP1
1.6345e+05 1.7037e+06 8.7681e+05 
1.7037e+06 1.4654e+09 1.1200e+06 
8.7681e+05 1.1200e+06 -8.4878e+05 


Stress Elt 3:
GP2
-7.1688e+06 -1.5348e+06 3.7059e+05 
-1.5348e+06 1.4518e+09 -1.5348e+06 
3.7059e+05 -1.5348e+06 -7.1688e+06 


Stress Elt 3:
GP3
-4.9696e+05 3.0005e+05 1.3855e+06 
3.0005e+05 1.4558e+09 3.0005e+05 
1.3855e+06 3.0005e+05 -4.9696e+05 


Stress Elt 3:
GP4
1.1740e+07 1.9177e+06 3.2780e+06 
1.9177e+06 1.4714e+09 2.9544e+06 
3.2780e+06 2.9544e+06 7.9551e+06 


Stress Elt 3:
GP5
1.5887e+06 7.1576e+06 1.3836e+06 
7.1576e+06 1.4677e+09 7.1576e+06 
1.3836e+06 7.1576e+06 1.5887e+06 


Stress Elt 3:
GP6
-8.4878e+05 1.1200e+06 8.7681e+05 
1.1200e+06 1.4654e+09 1.7037e+06 
8.7681e+05 1.7037e+06 1.6345e+05 


Stress Elt 3:
GP7
7.9551e+06 2.9544e+06 3.2780e+06 
2.9544e+06 1.4714e+09 1.9177e+06 
3.2780e+06 1.9177e+06 1.1740e+07 


Stress Elt 3:
GP8
1.5297e+07 7.3708e+06 5.1708e+06 
7.3708e+06 1.4758e+09 7.3708e+06 
5.1708e+06 7.3708e+06 1.5297e+07 


Stress Elt 3:
GP1
7.2233e+06 2.3142e+06 4.8531e+05 
2.3142e+06 1.4993e+09 3.6022e+06 
4.8531e+05 3.6022e+06 6.6632e+06 


Stress Elt 3:
GP2
5.0278e+06 5.6658e+05 2.0510e+05 
5.6658e+05 1.4960e+09 5.6658e+05 
2.0510e+05 5.6658e+05 5.0278e+06 


Stress Elt 3:
GP3
1.2659e+07 9.6514e+05 7.6860e+05 
9.6514e+05 1.5006e+09 9.6514e+05 
7.6860e+05 9.6514e+05 1.2659e+07 


Stress Elt 3:
GP4
1.7578e+07 1.8499e+06 1.8185e+06 
1.8499e+06 1.5049e+09 4.0004e+06 
1.8185e+06 4.0004e+06 1.5479e+07 


Stress Elt 3:
GP5
6.2518e+06 6.9044e+06 7.6589e+05 
6.9044e+06 1.4964e+09 6.9044e+06 
7.6589e+05 6.9044e+06 6.2518e+06 


Stress Elt 3:
GP6
6.6632e+06 3.6022e+06 4.8531e+05 
3.6022e+06 1.4993e+09 2.3142e+06 
4.8531e+05 2.3142e+06 7.2233e+06 


Stress Elt 3:
GP7
1.5479e+07 4.0004e+06 1.8185e+06 
4.0004e+06 1.5049e+09 1.8499e+06 
1.8185e+06 1.8499e+06 1.7578e+07 


Stress Elt 3:
GP8
1.7791e+07 6.4396e+06 2.8688e+06 
6.4396e+06 1.5033e+09 6.4396e+06 
2.8688e+06 6.4396e+06 1.7791e+07 


Stress Elt 3:
GP1
1.7972e+07 2.0366e+06 -5.3829e+04 
2.0366e+06 1.5559e+09 5.3094e+06 
-5.3829e+04 5.3094e+06 1.8035e+07 


Stress Elt 3:
GP2
2.0778e+07 2.3145e+06 -2.2757e+04 
2.3145e+06 1.5622e+09 2.3145e+06 
-2.2757e+04 2.3145e+06 2.0778e+07 


Stress Elt 3:
GP3
2.8310e+07 1.4225e+06 -8.2067e+04 
1.4225e+06 1.5666e+09 1.4225e+06 
-8.2067e+04 1.4225e+06 2.8310e+07 


Stress Elt 3:
GP4
2.5217e+07 1.3043e+06 -1.9416e+05 
1.3043e+06 1.5602e+09 4.4173e+06 
-1.9416e+05 4.4173e+06 2.5441e+07 


Stress Elt 3:
GP5
1.5711e+07 4.8679e+06 -8.4803e+04 
4.8679e+06 1.5507e+09 4.8679e+06 
-8.4803e+04 4.8679e+06 1.5711e+07 


Stress Elt 3:
GP6
1.8035e+07 5.3094e+06 -5.3829e+04 
5.3094e+06 1.5559e+09 2.0366e+06 
-5.3829e+04 2.0366e+06 1.7972e+07 


Stress Elt 3:
GP7
2.5441e+07 4.4173e+06 -1.9416e+05 
4.4173e+06 1.5602e+09 1.3043e+06 
-1.9416e+05 1.3043e+06 2.5217e+07 


Stress Elt 3:
GP8
2.2831e+07 4.1354e+06 -3.0616e+05 
4.1354e+06 1.5549e+09 4.1354e+06 
-3.0616e+05 4.1354e+06 2.2831e+07 


Stress Elt 3:
GP1
2.7956e+07 7.5590e+05 -5.4953e+05 
7.5590e+05 1.6337e+09 5.4174e+06 
-5.4953e+05 5.4174e+06 2.8591e+07 


Stress Elt 3:
GP2
3.3616e+07 2.9515e+06 -2.3224e+05 
2.9515e+06 1.6447e+09 2.9515e+06 
-2.3224e+05 2.9515e+06 3.3616e+07 


Stress Elt 3:
GP3
3.9819e+07 1.4514e+06 -8.6496e+05 
1.4514e+06 1.6483e+09 1.4514e+06 
-8.6496e+05 1.4514e+06 3.9819e+07 


Stress Elt 3:
GP4
3.1097e+07 3.9510e+05 -2.0467e+06 
3.9510e+05 1.6361e+09 3.9171e+06 
-2.0467e+06 3.9171e+06 3.3460e+07 


Stress Elt 3:
GP5
2.6376e+07 1.4746e+06 -8.6683e+05 
1.4746e+06 1.6307e+09 1.4746e+06 
-8.6683e+05 1.4746e+06 2.6376e+07 


Stress Elt 3:
GP6
2.8591e+07 5.4174e+06 -5.4953e+05 
5.4174e+06 1.6337e+09 7.5590e+05 
-5.4953e+05 7.5590e+05 2.7956e+07 


Stress Elt 3:
GP7
3.3460e+07 3.9171e+06 -2.0467e+06 
3.9171e+06 1.6361e+09 3.9510e+05 
-2.0467e+06 3.9510e+05 3.1097e+07 


Stress Elt 3:
GP8
2.8184e+07 1.1138e+06 -3.2285e+06 
1.1138e+06 1.6317e+09 1.1138e+06 
-3.2285e+06 1.1138e+06 2.8184e+07 


Stress Elt 3:
GP1
2.3053e+07 -1.4976e+06 -8.4426e+05 
-1.4976e+06 1.7004e+09 2.4422e+06 
-8.4426e+05 2.4422e+06 2.4028e+07 


Stress Elt 3:
GP2
2.8631e+07 1.9275e+06 -3.5680e+05 
1.9275e+06 1.7101e+09 1.9275e+06 
-3.5680e+05 1.9275e+06 2.8631e+07 


Stress Elt 3:
GP3
2.9926e+07 6.5434e+05 -1.3315e+06 
6.5434e+05 1.7108e+09 6.5434e+05 
-1.3315e+06 6.5434e+05 2.9926e+07 


Stress Elt 3:
GP4
1.9629e+07 -9.8478e+05 -3.1505e+06 
-9.8478e+05 1.6992e+09 1.1690e+06 
-3.1505e+06 1.1690e+06 2.3267e+07 


Stress Elt 3:
GP5
2.3852e+07 -3.6752e+06 -1.3315e+06 
-3.6752e+06 1.7033e+09 -3.6752e+06 
-1.3315e+06 -3.6752e+06 2.3852e+07 


Stress Elt 3:
GP6
2.4028e+07 2.4422e+06 -8.4426e+05 
2.4422e+06 1.7004e+09 -1.4976e+06 
-8.4426e+05 -1.4976e+06 2.3053e+07 


Stress Elt 3:
GP7
2.3267e+07 1.1690e+06 -3.1505e+06 
1.1690e+06 1.6992e+09 -9.8478e+05 
-3.1505e+06 -9.8478e+05 1.9629e+07 


Stress Elt 3:
GP8
1.8372e+07 -3.1625e+06 -4.9694e+06 
-3.1625e+06 1.7000e+09 -3.1625e+06 
-4.9694e+06 -3.1625e+06 1.8372e+07 


Stress Elt 3:
GP1
-1.0734e+06 -3.8203e+06 -8.6262e+05 
-3.8203e+06 1.7355e+09 -2.8415e+06 
-8.6262e+05 -2.8415e+06 -7.7069e+04 


Stress Elt 3:
GP2
2.3993e+06 -1.9693e+05 -3.6460e+05 
-1.9693e+05 1.7402e+09 -1.9693e+05 
-3.6460e+05 -1.9693e+05 2.3993e+06 


Stress Elt 3:
GP3
-4.2545e+06 -7.6142e+05 -1.3624e+06 
-7.6142e+05 1.7363e+09 -7.6142e+05 
-1.3624e+06 -7.6142e+05 -4.2545e+06 


Stress Elt 3:
GP4
-1.2558e+07 -2.4712e+06 -3.2235e+06 
-2.4712e+06 1.7295e+09 -3.4063e+06 
-3.2235e+06 -3.4063e+06 -8.8356e+06 


Stress Elt 3:
GP5
2.2375e+06 -9.2216e+06 -1.3600e+06 
-9.2216e+06 1.7442e+09 -9.2216e+06 
-1.3600e+06 -9.2216e+06 2.2375e+06 


Stress Elt 3:
GP6
-7.7069e+04 -2.8415e+06 -8.6262e+05 
-2.8415e+06 1.7355e+09 -3.8203e+06 
-8.6262e+05 -3.8203e+06 -1.0734e+06 


Stress Elt 3:
GP7
-8.8356e+06 -3.4063e+06 -3.2235e+06 
-3.4063e+06 1.7295e+09 -2.4712e+06 
-3.2235e+06 -2.4712e+06 -1.2558e+07 


Stress Elt 3:
GP8
-1.1352e+07 -7.8732e+06 -5.0840e+06 
-7.8732e+06 1.7362e+09 -7.8732e+06 
-5.0840e+06 -7.8732e+06 -1.1352e+07 


Stress Elt 3:
GP1
-2.9014e+07 -4.5368e+06 -6.2143e+05 
-4.5368e+06 1.7564e+09 -6.6539e+06 
-6.2143e+05 -6.6539e+06 -2.8295e+07 


Stress Elt 3:
GP2
-2.7699e+07 -1.7689e+06 -2.6270e+05 
-1.7689e+06 1.7571e+09 -1.7689e+06 
-2.6270e+05 -1.7689e+06 -2.7699e+07 


Stress Elt 3:
GP3
-3.9988e+07 -1.7831e+06 -9.8347e+05 
-1.7831e+06 1.7498e+09 -1.7831e+06 
-9.8347e+05 -1.7831e+06 -3.9988e+07 


Stress Elt 3:
GP4
-4.4792e+07 -3.0587e+06 -2.3268e+06 
-3.0587e+06 1.7477e+09 -6.6687e+06 
-2.3268e+06 -6.6687e+06 -4.2105e+07 


Stress Elt 3:
GP5
-2.5098e+07 -1.1413e+07 -9.7936e+05 
-1.1413e+07 1.7662e+09 -1.1413e+07 
-9.7936e+05 -1.1413e+07 -2.5098e+07 


Stress Elt 3:
GP6
-2.8295e+07 -6.6539e+06 -6.2143e+05 
-6.6539e+06 1.7564e+09 -4.5368e+06 
-6.2143e+05 -4.5368e+06 -2.9014e+07 


Stress Elt 3:
GP7
-4.2105e+07 -6.6687e+06 -2.3268e+06 
-6.6687e+06 1.7477e+09 -3.0587e+06 
-2.3268e+06 -3.0587e+06 -4.4792e+07 


Stress Elt 3:
GP8
-4.2398e+07 -9.9365e+06 -3.6693e+06 
-9.9365e+06 1.7560e+09 -9.9365e+06 
-3.6693e+06 -9.9365e+06 -4.2398e+07 


Stress Elt 3:
GP1
-3.9301e+07 -2.5729e+06 -2.0525e+05 
-2.5729e+06 1.7966e+09 -5.5300e+06 
-2.0525e+05 -5.5300e+06 -3.9064e+07 


Stress Elt 3:
GP2
-3.8754e+07 -1.4398e+06 -8.6771e+04 
-1.4398e+06 1.7970e+09 -1.4398e+06 
-8.6771e+04 -1.4398e+06 -3.8754e+07 


Stress Elt 3:
GP3
-4.9044e+07 -1.4819e+06 -3.2737e+05 
-1.4819e+06 1.7910e+09 -1.4819e+06 
-3.2737e+05 -1.4819e+06 -4.9044e+07 


Stress Elt 3:
GP4
-5.0757e+07 -1.9638e+06 -7.7452e+05 
-1.9638e+06 1.7900e+09 -5.5726e+06 
-7.7452e+05 -5.5726e+06 -4.9862e+07 


Stress Elt 3:
GP5
-3.7642e+07 -7.3283e+06 -3.2339e+05 
-7.3283e+06 1.8006e+09 -7.3283e+06 
-3.2339e+05 -7.3283e+06 -3.7642e+07 


Stress Elt 3:
GP6
-3.9064e+07 -5.5300e+06 -2.0525e+05 
-5.5300e+06 1.7966e+09 -2.5729e+06 
-2.0525e+05 -2.5729e+06 -3.9301e+07 


Stress Elt 3:
GP7
-4.9862e+07 -5.5726e+06 -7.7452e+05 
-5.5726e+06 1.7900e+09 -1.9638e+06 
-7.7452e+05 -1.9638e+06 -5.0757e+07 


Stress Elt 3:
GP8
-4.9606e+07 -6.7197e+06 -1.2213e+06 
-6.7197e+06 1.7936e+09 -6.7197e+06 
-1.2213e+06 -6.7197e+06 -4.9606e+07 


Stress Elt 3:
GP1
-2.5916e+07 1.2339e+06 2.7017e+05 
1.2339e+06 1.8649e+09 -1.6859e+05 
2.7017e+05 -1.6859e+05 -2.6228e+07 


Stress Elt 3:
GP2
-2.5041e+07 4.2717e+05 1.1419e+05 
4.2717e+05 1.8680e+09 4.2717e+05 
1.1419e+05 4.2717e+05 -2.5041e+07 


Stress Elt 3:
GP3
-2.6540e+07 -4.5176e+04 4.2314e+05 
-4.5176e+04 1.8671e+09 -4.5176e+04 
4.2314e+05 -4.5176e+04 -2.6540e+07 


Stress Elt 3:
GP4
-2.5919e+07 3.9994e+05 1.0012e+06 
3.9994e+05 1.8646e+09 -6.4094e+05 
1.0012e+06 -6.4094e+05 -2.7075e+07 


Stress Elt 3:
GP5
-2.8198e+07 1.4926e+06 4.2617e+05 
1.4926e+06 1.8593e+09 1.4926e+06 
4.2617e+05 1.4926e+06 -2.8198e+07 


Stress Elt 3:
GP6
-2.6228e+07 -1.6859e+05 2.7017e+05 
-1.6859e+05 1.8649e+09 1.2339e+06 
2.7017e+05 1.2339e+06 -2.5916e+07 


Stress Elt 3:
GP7
-2.7075e+07 -6.4094e+05 1.0012e+06 
-6.4094e+05 1.8646e+09 3.9994e+05 
1.0012e+06 3.9994e+05 -2.5919e+07 


Stress Elt 3:
GP8
-2.7546e+07 6.5870e+05 1.5792e+06 
6.5870e+05 1.8597e+09 6.5870e+05 
1.5792e+06 6.5870e+05 -2.7546e+07 


Stress Elt 3:
GP1
-2.3969e+06 4.4931e+06 6.8505e+05 
4.4931e+06 1.9388e+09 4.8751e+06 
6.8505e+05 4.8751e+06 -3.1877e+06 


Stress Elt 3:
GP2
-1.7480e+06 1.9843e+06 2.8951e+05 
1.9843e+06 1.9429e+09 1.9843e+06 
2.8951e+05 1.9843e+06 -1.7480e+06 


Stress Elt 3:
GP3
5.5303e+06 1.3062e+06 1.0786e+06 
1.3062e+06 1.9472e+09 1.3062e+06 
1.0786e+06 1.3062e+06 5.5303e+06 


Stress Elt 3:
GP4
8.7081e+06 2.5634e+06 2.5522e+06 
2.5634e+06 1.9447e+09 4.1967e+06 
2.5522e+06 4.1967e+06 5.7614e+06 


Stress Elt 3:
GP5
-7.6249e+06 9.5677e+06 1.0811e+06 
9.5677e+06 1.9259e+09 9.5677e+06 
1.0811e+06 9.5677e+06 -7.6249e+06 


Stress Elt 3:
GP6
-3.1877e+06 4.8751e+06 6.8505e+05 
4.8751e+06 1.9388e+09 4.4931e+06 
6.8505e+05 4.4931e+06 -2.3969e+06 


Stress Elt 3:
GP7
5.7614e+06 4.1967e+06 2.5522e+06 
4.1967e+06 1.9447e+09 2.5634e+06 
2.5522e+06 2.5634e+06 8.7081e+06 


Stress Elt 3:
GP8
5.1507e+06 7.6372e+06 4.0264e+06 
7.6372e+06 1.9334e+09 7.6372e+06 
4.0264e+06 7.6372e+06 5.1507e+06 


Stress Elt 3:
GP1
1.4401e+07 5.1408e+06 9.2951e+05 
5.1408e+06 1.9953e+09 5.5516e+06 
9.2951e+05 5.5516e+06 1.3328e+07 


Stress Elt 3:
GP2
1.2984e+07 1.6489e+06 3.9281e+05 
1.6489e+06 1.9956e+09 1.6489e+06 
3.9281e+05 1.6489e+06 1.2984e+07 


Stress Elt 3:
GP3
2.2813e+07 1.4874e+06 1.4657e+06 
1.4874e+06 2.0014e+09 1.4874e+06 
1.4657e+06 1.4874e+06 2.2813e+07 


Stress Elt 3:
GP4
2.9435e+07 3.2185e+06 3.4680e+06 
3.2185e+06 2.0033e+09 5.3896e+06 
3.4680e+06 5.3896e+06 2.5431e+07 


Stress Elt 3:
GP5
9.4121e+06 1.2013e+07 1.4671e+06 
1.2013e+07 1.9827e+09 1.2013e+07 
1.4671e+06 1.2013e+07 9.4121e+06 


Stress Elt 3:
GP6
1.3328e+07 5.5516e+06 9.2951e+05 
5.5516e+06 1.9953e+09 5.1408e+06 
9.2951e+05 5.1408e+06 1.4401e+07 


Stress Elt 3:
GP7
2.5431e+07 5.3896e+06 3.4680e+06 
5.3896e+06 2.0033e+09 3.2185e+06 
3.4680e+06 3.2185e+06 2.9435e+07 


Stress Elt 3:
GP8
2.6720e+07 1.0090e+07 5.4713e+06 
